"S1692-72732004000200001-col","El proyecto SciELO","Hernández, Carlos Arturo","Revista Ciencias de la Salud; 2(2); 87-90","Revista Ciencias de la Salud","Espanhol","2004","http://www.scielo.org.co/scielo.php?script=sci_arttext&pid=S1692-72732004000200001&lang=pt" 
"S1692-72732004000200002-col","Factores de riesgo para que la población mayor institucionalizada presente caídas","Romero, Camilo, Uribe, Manuel","Revista Ciencias de la Salud; 2(2); 91-110","Revista Ciencias de la Salud","Espanhol","2004","http://www.scielo.org.co/scielo.php?script=sci_arttext&pid=S1692-72732004000200002&lang=pt" 
"S1692-72732004000200003-col","Situación de salud y nutrición en la población menor de 18 años de Providencia y Santa Catalina","Pabón Pinto, Margarita María, Céspedes Londoño, Jaime Aurelio","Revista Ciencias de la Salud; 2(2); 111-123","Revista Ciencias de la Salud","Espanhol","2004","http://www.scielo.org.co/scielo.php?script=sci_arttext&pid=S1692-72732004000200003&lang=pt" 
"S1692-72732004000200004-col","Prevalencia de betalactamasas de espectro extendido en Escherichia coli, Klebsiella pneumoniae y Klebsiella oxytoca del Hospital Occidente de Kennedy. Nivel III, Bogotá","Garzón B., José, Lemos, Elkin, Rivas, Romelia","Revista Ciencias de la Salud; 2(2); 124-138","Revista Ciencias de la Salud","Espanhol","2004","http://www.scielo.org.co/scielo.php?script=sci_arttext&pid=S1692-72732004000200004&lang=pt" 
"S1692-72732004000200005-col","Diferenciación entre electrocardiogramas normales y arrítmicos usando análisis en frecuencia","Narváez-Sánchez, Raúl, Jaramillo Velásquez, Andrés","Revista Ciencias de la Salud; 2(2); 139-155","Revista Ciencias de la Salud","Espanhol","2004","http://www.scielo.org.co/scielo.php?script=sci_arttext&pid=S1692-72732004000200005&lang=pt" 
"S1692-72732004000200006-col","Biocirugía: utilización de larvas de insectos necrófagos en la curación de heridas. La terapia larval","Sánchez, Magda Carolina, Chuaire, Lilián, Narváez, Raúl, Segura, Nidya Alexandra","Revista Ciencias de la Salud; 2(2); 156-164","Revista Ciencias de la Salud","Espanhol","2004","http://www.scielo.org.co/scielo.php?script=sci_arttext&pid=S1692-72732004000200006&lang=pt" 
"S1692-72732004000200007-col","Caso clínico","Vélez van Meerbeke, Alberto","Revista Ciencias de la Salud; 2(2); 165-166","Revista Ciencias de la Salud","Espanhol","2004","http://www.scielo.org.co/scielo.php?script=sci_arttext&pid=S1692-72732004000200007&lang=pt" 
"S1692-72732004000200008-col","Discusión sobre el caso clínico del número anterior. Un accidente de trabajo atípico","González Rodríguez, Javier L.","Revista Ciencias de la Salud; 2(2); 167-170","Revista Ciencias de la Salud","Espanhol","2004","http://www.scielo.org.co/scielo.php?script=sci_arttext&pid=S1692-72732004000200008&lang=pt" 
"S1692-72732004000200009-col","La enseñanza virtual en el contexto de la educación actual","Gutiérrez Villamil, Claudia T., Hernández Calderón, Luz Helena, González Hernández, Gilberto, Guevara Beltrán, César Augusto, Flórez Castillo, José Luis","Revista Ciencias de la Salud; 2(2); 171-175","Revista Ciencias de la Salud","Espanhol","2004","http://www.scielo.org.co/scielo.php?script=sci_arttext&pid=S1692-72732004000200009&lang=pt" 
"S1692-72732004000200010-col","Nota del Editor","","Revista Ciencias de la Salud; 2(2); 176-177","Revista Ciencias de la Salud","Espanhol","2004","http://www.scielo.org.co/scielo.php?script=sci_arttext&pid=S1692-72732004000200010&lang=pt" 
"S1692-72732004000100010-col","Enfoque integral de reubicación y readaptación laboral como respuesta al impacto de la violencia en los trabajadores colombianos","Acosta Andrade, Cecilia, Restrepo Horlandy, Mercedes","Revista Ciencias de la Salud; 2(1); 62-64","Revista Ciencias de la Salud","Espanhol","2004","http://www.scielo.org.co/scielo.php?script=sci_arttext&pid=S1692-72732004000100010&lang=pt" 
"S1692-72732004000100011-col","Presentación de datos","Gutiérrez Álvarez, Ángela María, Babativa, Yeni Lorena, Lozano, Ivonne","Revista Ciencias de la Salud; 2(1); 65-73","Revista Ciencias de la Salud","Espanhol","2004","http://www.scielo.org.co/scielo.php?script=sci_arttext&pid=S1692-72732004000100011&lang=pt" 
"S1692-72732004000100009-col","Diagnóstico: dengue hemorrágico (FHD), grado II","González V., Gerardo","Revista Ciencias de la Salud; 2(1); 58-61","Revista Ciencias de la Salud","Espanhol","2004","http://www.scielo.org.co/scielo.php?script=sci_arttext&pid=S1692-72732004000100009&lang=pt" 
"S1692-72732004000100005-col","Desórdenes osteomusculares en una fábrica manufacturera del sector petroquímico. Bogotá, 2003","Bernal, Germán, Cantillo, Carmen","Revista Ciencias de la Salud; 2(1); 33-40","Revista Ciencias de la Salud","Espanhol","2004","http://www.scielo.org.co/scielo.php?script=sci_arttext&pid=S1692-72732004000100005&lang=pt" 
"S1692-72732004000100004-col","Factores de riesgo de carga física y diagnóstico de alteración osteomuscular en trabajos de minas de carbón en el valle de Ubaté","Velandia Bacca, Édgar Humberto, Muñoz Robayo, Juan José","Revista Ciencias de la Salud; 2(1); 24-32","Revista Ciencias de la Salud","Espanhol","2004","http://www.scielo.org.co/scielo.php?script=sci_arttext&pid=S1692-72732004000100004&lang=pt" 
"S1692-72732004000100007-col","Breve historia de las clasificaciones de las cefaleas","Palacios Sánchez, Leonardo","Revista Ciencias de la Salud; 2(1); 46-55","Revista Ciencias de la Salud","Espanhol","2004","http://www.scielo.org.co/scielo.php?script=sci_arttext&pid=S1692-72732004000100007&lang=pt" 
"S1692-72732004000100006-col","El SARS y la bioseguridad en Colombia","Briceño Ayala, Leonardo","Revista Ciencias de la Salud; 2(1); 41-45","Revista Ciencias de la Salud","Espanhol","2004","http://www.scielo.org.co/scielo.php?script=sci_arttext&pid=S1692-72732004000100006&lang=pt" 
"S1692-72732004000100001-col","La importancia de la salud ocupacional","Kales, Stefanos N.","Revista Ciencias de la Salud; 2(1); 05-07","Revista Ciencias de la Salud","Espanhol","2004","http://www.scielo.org.co/scielo.php?script=sci_arttext&pid=S1692-72732004000100001&lang=pt" 
"S1692-72732004000100003-col","Seroprevalencia de brucelosis en trabajadores de mataderos de municipios del Tolima (Colombia)","Morales Ortegón, Diego Fernando, Combariza Bayona, David Andrés","Revista Ciencias de la Salud; 2(1); 15-23","Revista Ciencias de la Salud","Espanhol","2004","http://www.scielo.org.co/scielo.php?script=sci_arttext&pid=S1692-72732004000100003&lang=pt" 
"S1692-72732004000100002-col","Aberraciones cromosómicas en trabajadores expuestos a radiaciones ionizantes","Baquero Pulido, Hernando, Guevara Pardo, Gonzalo, Giraldo Suárez, Marcela, Osorio Soto, Luz Marina","Revista Ciencias de la Salud; 2(1); 08-14","Revista Ciencias de la Salud","Espanhol","2004","http://www.scielo.org.co/scielo.php?script=sci_arttext&pid=S1692-72732004000100002&lang=pt" 
"S0325-75412004000200001-arg","Variación de la composición de ácidos grasos de membrana celular de Rhodococcus rodochrous GNP-OHP-38r en respuesta a la temperatura y salinidad","Pucci, G.N., Pucci, H.","Revista argentina de microbiología; 36(2); 57-62","Revista argentina de microbiología","Espanhol","2004","http://www.scielo.org.ar/scielo.php?script=sci_arttext&pid=S0325-75412004000200001&lang=pt" 
"S0325-75412004000200002-arg","Distribución de tipo capsular y sensibilidad antimicrobiana de Streptococcusagalactiae productores de infecciones en Argentina","Pérez, J., Limansky, A., Toresani, I., Ebner, G., Di Bartolomeo, S., De Inocenti, I., Pretto, G., Salazar, N., Laferrara, M., Bottiglieri, M., Ballester, D., Morales, M., Rivera, L., Cacace, M.L., Castro, H., Roldán, L., Notario, R., Borda, N., Cera, G., Spoletti, M.J., Gregorini, E., Sutich, E.G.","Revista argentina de microbiología; 36(2); 63-67","Revista argentina de microbiología","Espanhol","2004","http://www.scielo.org.ar/scielo.php?script=sci_arttext&pid=S0325-75412004000200002&lang=pt" 
"S0325-75412004000200003-arg","Inmunodiagnóstico de micosis endémicas y aspergilosis broncopulmonar: Estudio multicéntrico en la República Argentina","Canteros, C.E., Rivas, M.C., Soria, M., Lee, W., Perrotta, D., Rodero, L., Davel, G.","Revista argentina de microbiología; 36(2); 68-74","Revista argentina de microbiología","Espanhol","2004","http://www.scielo.org.ar/scielo.php?script=sci_arttext&pid=S0325-75412004000200003&lang=pt" 
"S0325-75412004000200004-arg","Linfoadenitis necrotizante por Nocardia asteroides en una niña previamente sana","Baroni, M. R., Noroña, M., Ronchi, S., Mayoral, C.","Revista argentina de microbiología; 36(2); 75-77","Revista argentina de microbiología","Espanhol","2004","http://www.scielo.org.ar/scielo.php?script=sci_arttext&pid=S0325-75412004000200004&lang=pt" 
"S0325-75412004000200005-arg","Unusual phenotypic characteristic of Neisseria gonorrhoeae from male patients who have sex with men","García, S.D., Massa, R., Famiglietti, A., Vay, C., Gutkind, G.","Revista argentina de microbiología; 36(2); 78-80","Revista argentina de microbiología","Inglês","2004","http://www.scielo.org.ar/scielo.php?script=sci_arttext&pid=S0325-75412004000200005&lang=pt" 
"S0325-75412004000200006-arg","Bacteriemia por Brucella canis: Aislamiento con el Sistema Bact-Alert","Soloaga, R., Salinas, A., Poterallo, M., Margari, A., Suar, B., Lucero, N., Turco, M., Procopio, A., Almuzara, M.","Revista argentina de microbiología; 36(2); 81-84","Revista argentina de microbiología","Espanhol","2004","http://www.scielo.org.ar/scielo.php?script=sci_arttext&pid=S0325-75412004000200006&lang=pt" 
"S0325-75412004000200007-arg","Evaluación de 61 episodios de endocarditis infecciosa en pacientes adictos a drogas intravenosas e infección por el virus de la inmunodeficiencia humana tipo-1","Corti, M.E., Palmieri, O.J., Villafañe, M.F., Trione, N.","Revista argentina de microbiología; 36(2); 85-87","Revista argentina de microbiología","Espanhol","2004","http://www.scielo.org.ar/scielo.php?script=sci_arttext&pid=S0325-75412004000200007&lang=pt" 
"S0325-75412004000200008-arg","Estudio de sensibilidad antiviral de Virus Herpes simplex en pacientes trasplantados","Illán, H., Jacob, N., Maiolo, E., Cisterna, D., Schiavelli, R., Freire, M.C.","Revista argentina de microbiología; 36(2); 88-91","Revista argentina de microbiología","Espanhol","2004","http://www.scielo.org.ar/scielo.php?script=sci_arttext&pid=S0325-75412004000200008&lang=pt" 
"S0325-75412004000200009-arg","Acción de distintos coagulantes para la eliminación de Cryptosporidium spp. en el proceso de potabilización del agua","Abramovich, B., Lura, M.C., Carrera, E., Gilli, M.I., Haye, M.A., Vaira, S.","Revista argentina de microbiología; 36(2); 92-96","Revista argentina de microbiología","Espanhol","2004","http://www.scielo.org.ar/scielo.php?script=sci_arttext&pid=S0325-75412004000200009&lang=pt" 
"S0718-22362004000100001-chl","Presentación","","Ultima década; 12(20); 7-8","Ultima década","Espanhol","2004","http://www.scielo.cl/scielo.php?script=sci_arttext&pid=S0718-22362004000100001&lang=pt" 
"S0718-22362004000100002-chl","Generaciones y Juventud: una Relectura desde Manheim y Ortega y Gasset","Ghiardo, Felipe","Ultima década; 12(20); 11-46","Ultima década","Espanhol","2004","http://www.scielo.cl/scielo.php?script=sci_arttext&pid=S0718-22362004000100002&lang=pt" 
"S0718-22362004000100003-chl","Juventude e contemporaneidade: possibilidades e limites","Vargas Gil Souza, Carmem Zeli","Ultima década; 12(20); 47-69","Ultima década","Português","2004","http://www.scielo.cl/scielo.php?script=sci_arttext&pid=S0718-22362004000100003&lang=pt" 
"S0718-22362004000100004-chl","Imágenes y Estudios Cuantitativos en la Construcción Social de «la Juventud» Chilena: Un acercamiento histórico (2003-1967)","Muñoz Tamayo, Víctor","Ultima década; 12(20); 71-94","Ultima década","Espanhol","2004","http://www.scielo.cl/scielo.php?script=sci_arttext&pid=S0718-22362004000100004&lang=pt" 
"S0718-22362004000100005-chl","Habitat Juvenil en la Metrópoli: Juventud y Territorio","Tkachuk, Carolina","Ultima década; 12(20); 97-106","Ultima década","Espanhol","2004","http://www.scielo.cl/scielo.php?script=sci_arttext&pid=S0718-22362004000100005&lang=pt" 
"S0718-22362004000100006-chl","Globalización y Exclusión: De la invisibilización a la visibilización consumista de los jóvenes y los imaginarios de resistencia","Hurtado Herrera, Deibar René","Ultima década; 12(20); 107-120","Ultima década","Espanhol","2004","http://www.scielo.cl/scielo.php?script=sci_arttext&pid=S0718-22362004000100006&lang=pt" 
"S0718-22362004000100007-chl","Juventud Rural en Chile: ¿Problema o Solución?","Duhart, Daniel","Ultima década; 12(20); 121-146","Ultima década","Espanhol","2004","http://www.scielo.cl/scielo.php?script=sci_arttext&pid=S0718-22362004000100007&lang=pt" 
"S1516-93322004000200024-scl","Apoptosis: the molecular biology of programmed cell death","Borelli, Primavera","Revista Brasileira de Ciências Farmacêuticas; 40(2); 271-271","Revista Brasileira de Ciências Farmacêuticas","Português","2004","http://www.scielo.br/scielo.php?script=sci_arttext&pid=S1516-93322004000200024&lang=pt" 
"S1516-93322004000200023-scl","Bacterial protein toxins","Mamizuka, Elsa Masae","Revista Brasileira de Ciências Farmacêuticas; 40(2); 271-271","Revista Brasileira de Ciências Farmacêuticas","Português","2004","http://www.scielo.br/scielo.php?script=sci_arttext&pid=S1516-93322004000200023&lang=pt" 
"S1516-93322004000200022-scl","Pyrogens, LAL testing, and despyrogenation","Kaneko, Telma Mary","Revista Brasileira de Ciências Farmacêuticas; 40(2); 270-270","Revista Brasileira de Ciências Farmacêuticas","Português","2004","http://www.scielo.br/scielo.php?script=sci_arttext&pid=S1516-93322004000200022&lang=pt" 
"S1516-93322004000200021-scl","Bioinformatics: sequence, structure and databanks","Hirata, Rosário Dominguez Crespo","Revista Brasileira de Ciências Farmacêuticas; 40(2); 270-270","Revista Brasileira de Ciências Farmacêuticas","Português","2004","http://www.scielo.br/scielo.php?script=sci_arttext&pid=S1516-93322004000200021&lang=pt" 
"S1516-93322004000200020-scl","Handbook of food enzymology","Finardi Filho, Flávio","Revista Brasileira de Ciências Farmacêuticas; 40(2); 269-269","Revista Brasileira de Ciências Farmacêuticas","Português","2004","http://www.scielo.br/scielo.php?script=sci_arttext&pid=S1516-93322004000200020&lang=pt" 
"S1516-93322004000200019-scl","Chemical and functional properties of food lipids","Penteado, Marilene De Vuono Camargo","Revista Brasileira de Ciências Farmacêuticas; 40(2); 269-269","Revista Brasileira de Ciências Farmacêuticas","Português","2004","http://www.scielo.br/scielo.php?script=sci_arttext&pid=S1516-93322004000200019&lang=pt" 
"S1516-93322004000200018-scl","Cheese rheology and texture","Lannes, Suzana Caetano da Silva","Revista Brasileira de Ciências Farmacêuticas; 40(2); 269-269","Revista Brasileira de Ciências Farmacêuticas","Português","2004","http://www.scielo.br/scielo.php?script=sci_arttext&pid=S1516-93322004000200018&lang=pt" 
"S1516-93322004000200017-scl","","Saad, Susana Marta Isay","Revista Brasileira de Ciências Farmacêuticas; 40(2); 268-268","Revista Brasileira de Ciências Farmacêuticas","Português","2004","http://www.scielo.br/scielo.php?script=sci_arttext&pid=S1516-93322004000200017&lang=pt" 
"S1516-93322004000200016-scl","Oxidative stress biomarkers and antioxidant protocols","Abdalla, Dulcinéia Saes Parra","Revista Brasileira de Ciências Farmacêuticas; 40(2); 267-267","Revista Brasileira de Ciências Farmacêuticas","Português","2004","http://www.scielo.br/scielo.php?script=sci_arttext&pid=S1516-93322004000200016&lang=pt" 
"S1516-93322004000200001-scl","Editorial","Tirapegui, Julio","Revista Brasileira de Ciências Farmacêuticas; 40(2); 1-2","Revista Brasileira de Ciências Farmacêuticas","Português","2004","http://www.scielo.br/scielo.php?script=sci_arttext&pid=S1516-93322004000200001&lang=pt" 
"S1516-93322004000200007-scl","Avaliação das condições reacionais para a síntese enzimática do butirato de butila empregando lipase de Candida rugosa","Gomes, Fabrício Maciel, Silva, Messias Borges da, Castro, Heizir Ferreira de","Revista Brasileira de Ciências Farmacêuticas; 40(2); 189-195","Revista Brasileira de Ciências Farmacêuticas","Português","2004","http://www.scielo.br/scielo.php?script=sci_arttext&pid=S1516-93322004000200007&lang=pt" 
"S1516-93322004000200003-scl","Recentes avanços da quimioterapia das leishmanioses: moléculas intracelulares como alvo de fármacos","Soares-Bezerra, Rômulo José, Leon, Leonor, Genestra, Marcelo","Revista Brasileira de Ciências Farmacêuticas; 40(2); 139-149","Revista Brasileira de Ciências Farmacêuticas","Português","2004","http://www.scielo.br/scielo.php?script=sci_arttext&pid=S1516-93322004000200003&lang=pt" 
"S1516-93322004000200004-scl","Large scale purification of Clostridium perfringens toxins: a review","Cavalcanti, Maria Taciana Holanda, Porto, Tatiana, Porto, Ana Lúcia Figueiredo, Brandi, Igor Viana, Lima Filho, José Luiz de, Pessoa Junior, Adalberto","Revista Brasileira de Ciências Farmacêuticas; 40(2); 151-164","Revista Brasileira de Ciências Farmacêuticas","Inglês","2004","http://www.scielo.br/scielo.php?script=sci_arttext&pid=S1516-93322004000200004&lang=pt" 
"S1516-93322004000200009-scl","5-Aminolevulinic acid and the hepatic oxidative stress in the early phase of experimental hexachlorobenzene intoxication","Sawada, Tânia Cristina Higashi, Silva, Vanessa Vitoriano da, Barros, Sonia, Röpke, Cristina Dislich, Barros, Silvia Berlanga de Moraes","Revista Brasileira de Ciências Farmacêuticas; 40(2); 203-208","Revista Brasileira de Ciências Farmacêuticas","Inglês","2004","http://www.scielo.br/scielo.php?script=sci_arttext&pid=S1516-93322004000200009&lang=pt" 
"S1516-93322004000200008-scl","Trans,trans-muconic acid in urine samples collected in three periods from benzene handling workers in a Brazilian refinery","Martins, Isarita, Siqueira, Maria Elisa Pereira Bastos de","Revista Brasileira de Ciências Farmacêuticas; 40(2); 197-201","Revista Brasileira de Ciências Farmacêuticas","Inglês","2004","http://www.scielo.br/scielo.php?script=sci_arttext&pid=S1516-93322004000200008&lang=pt" 
"S1516-93322004000200012-scl","Avaliação da toxicidade oral subcrônica da bixina para ratos","Bautista, Ana Rita Pedreira Lapa, Miranda, Maria Spínola, Batista, Márcio Santos, Moreira, Eduardo Luiz Trindade, Silva, Iracema Moreira da, Gomes, Iolanda Cirne Sena","Revista Brasileira de Ciências Farmacêuticas; 40(2); 229-233","Revista Brasileira de Ciências Farmacêuticas","Português","2004","http://www.scielo.br/scielo.php?script=sci_arttext&pid=S1516-93322004000200012&lang=pt" 
"S1516-93322004000200013-scl","Análise químico-farmacêutica do fluconazol e especialidade farmacêutica cápsula","Coelho, Helenilze, Matinatti, Audrei Nunes Fernandes, Araújo, Magali Benjamim de, Bergold, Ana Maria, Bueno, Francie","Revista Brasileira de Ciências Farmacêuticas; 40(2); 235-246","Revista Brasileira de Ciências Farmacêuticas","Português","2004","http://www.scielo.br/scielo.php?script=sci_arttext&pid=S1516-93322004000200013&lang=pt" 
"S1516-93322004000200005-scl","Esteróides anabólicos androgênicos e sua relação com a prática desportiva","Cunha, Tatiana Sousa, Cunha, Nádia Sousa, Moura, Maria José Costa Sampaio, Marcondes, Fernanda Klein","Revista Brasileira de Ciências Farmacêuticas; 40(2); 165-179","Revista Brasileira de Ciências Farmacêuticas","Português","2004","http://www.scielo.br/scielo.php?script=sci_arttext&pid=S1516-93322004000200005&lang=pt" 
"S1516-93322004000200010-scl","Validação de método para determinação de resíduos dos antibióticos oxitetraciclina, tetraciclina, clortetraciclina e doxiciclina, em leite, por cromatografia líquida de alta eficiência","Denobile, Michela, Nascimento, Elizabeth de Souza","Revista Brasileira de Ciências Farmacêuticas; 40(2); 209-218","Revista Brasileira de Ciências Farmacêuticas","Português","2004","http://www.scielo.br/scielo.php?script=sci_arttext&pid=S1516-93322004000200010&lang=pt" 
"S1516-93322004000200011-scl","Estudo comparativo de duas técnicas farmacopéicas de avaliação da atividade antimicrobiana dos fármacos: nistatina, eritromicina, neomicina e gentamicina","Vital, Tatiane Margato, Reis, Cleomenes, García-Zapata, Marco Túlio Antonio, Cunha, Luiz Carlos da","Revista Brasileira de Ciências Farmacêuticas; 40(2); 219-227","Revista Brasileira de Ciências Farmacêuticas","Português","2004","http://www.scielo.br/scielo.php?script=sci_arttext&pid=S1516-93322004000200011&lang=pt" 
"S1516-93322004000200014-scl","Antimicrobial activity of 1,4-naphthoquinones by metal complexation","Brandelli, Adriano, Bizani, Delmar, Martinelli, Márcia, Stefani, Valter, Gerbase, Annelise Engel","Revista Brasileira de Ciências Farmacêuticas; 40(2); 247-253","Revista Brasileira de Ciências Farmacêuticas","Inglês","2004","http://www.scielo.br/scielo.php?script=sci_arttext&pid=S1516-93322004000200014&lang=pt" 
"S1516-93322004000200015-scl","Determinação do 1-hidroxipireno em amostras de urina por cromatografia líquida de alta eficiência - estudo dos parâmetros de validação","Faria, Patrícia Miranda de, Della Rosa, Henrique Vicente","Revista Brasileira de Ciências Farmacêuticas; 40(2); 255-265","Revista Brasileira de Ciências Farmacêuticas","Português","2004","http://www.scielo.br/scielo.php?script=sci_arttext&pid=S1516-93322004000200015&lang=pt" 
"S1516-93322004000200006-scl","Identificação de princípios ativos presentes na Ipomoea carnea brasileira","Schwarz, Aline, Hosomi, Rosana Zoriki, Henrique, Breno Schumaher, Hueza, Isis, Gardner, Dale, Haraguchi, Mitsue, Górniak, Silvana Lima, Bernardi, Maria Martha, Spinosa, Helenice de Souza","Revista Brasileira de Ciências Farmacêuticas; 40(2); 181-187","Revista Brasileira de Ciências Farmacêuticas","Português","2004","http://www.scielo.br/scielo.php?script=sci_arttext&pid=S1516-93322004000200006&lang=pt" 
"S1516-93322004000200002-scl","Pilocarpus spp.: a survey of its chemical constituents and biological activities","Santos, Ana Paula, Moreno, Paulo Roberto Hrihorowitsch","Revista Brasileira de Ciências Farmacêuticas; 40(2); 116-137","Revista Brasileira de Ciências Farmacêuticas","Inglês","2004","http://www.scielo.br/scielo.php?script=sci_arttext&pid=S1516-93322004000200002&lang=pt" 
"S1678-31662004000200002-scl","A introdução na medicina de técnicas oriundas da genética ocasionou uma ruptura antropológica?","Fagot-Largeault, Anne","Scientiae Studia; 2(2); 161-177","Scientiae Studia","Português","2004","http://www.scielo.br/scielo.php?script=sci_arttext&pid=S1678-31662004000200002&lang=pt" 
"S1678-31662004000200003-scl","Éter, espírito animal e causalidade no Siris de George Berkeley: uma visão imaterialista da analogia entre macrocosmo e microcosmo","Manzo, Silvia Alejandra","Scientiae Studia; 2(2); 179-205","Scientiae Studia","Português","2004","http://www.scielo.br/scielo.php?script=sci_arttext&pid=S1678-31662004000200003&lang=pt" 
"S1678-31662004000200004-scl","Schola quantorum: progresso, racionalidade e inconsistência na antiga teoria atômica Parte II: crítica à leitura lakatosiana","Bezerra, Valter Alnis","Scientiae Studia; 2(2); 207-237","Scientiae Studia","Português","2004","http://www.scielo.br/scielo.php?script=sci_arttext&pid=S1678-31662004000200004&lang=pt" 
"S1678-31662004000200009-scl","A visão &quot;ortodoxa&quot; de teorias: comentários para defesa assim como para crítica","Feigl, Herbert","Scientiae Studia; 2(2); 265-277","Scientiae Studia","Português","2004","http://www.scielo.br/scielo.php?script=sci_arttext&pid=S1678-31662004000200009&lang=pt" 
"S1678-31662004000200010-scl","Transdisciplinaridade, interdisciplinaridade e disciplinaridade na história da ciência","Videira, Antonio Augusto Passos","Scientiae Studia; 2(2); 279-293","Scientiae Studia","Português","2004","http://www.scielo.br/scielo.php?script=sci_arttext&pid=S1678-31662004000200010&lang=pt" 
"S0001-60022004000200001-cri","Fibrilación atrial: una visión panorámica","Speranza S., Mario","Acta Médica Costarricense; 46(2); 52-53","Acta Médica Costarricense","Espanhol","2004","http://www.scielo.sa.cr/scielo.php?script=sci_arttext&pid=S0001-60022004000200001&lang=pt" 
"S0001-60022004000200002-cri","La sedación: una herramienta indispensable para muchos procedimientos","Abed-Raduan, Mohammad Hasan","Acta Médica Costarricense; 46(2); 54-54","Acta Médica Costarricense","Espanhol","2004","http://www.scielo.sa.cr/scielo.php?script=sci_arttext&pid=S0001-60022004000200002&lang=pt" 
"S0001-60022004000200003-cri","La Academia Nacional de Medicina de Costa Rica y las esterilizaciones","Orlich Carranza, Claudio","Acta Médica Costarricense; 46(2); 55-55","Acta Médica Costarricense","Espanhol","2004","http://www.scielo.sa.cr/scielo.php?script=sci_arttext&pid=S0001-60022004000200003&lang=pt" 
"S0001-60022004000200004-cri","La Academia Nacional de Medicina de Costa Rica y la obtención de células madres para curar enfermedades","Orlich Carranza, Claudio","Acta Médica Costarricense; 46(2); 56-56","Acta Médica Costarricense","Espanhol","2004","http://www.scielo.sa.cr/scielo.php?script=sci_arttext&pid=S0001-60022004000200004&lang=pt" 
"S0001-60022004000200005-cri","","Oreamuno O., Juan Rafael","Acta Médica Costarricense; 46(2); 57-57","Acta Médica Costarricense","Espanhol","2004","http://www.scielo.sa.cr/scielo.php?script=sci_arttext&pid=S0001-60022004000200005&lang=pt" 
"S0001-60022004000200006-cri","Fibrilación atrial: nuevos conceptos","Gutiérrez-Jaikel, Luis, Bolaños-Arrieta, Mario, Gutiérrez-Sotelo, Oswaldo","Acta Médica Costarricense; 46(2); 58-67","Acta Médica Costarricense","Espanhol","2004","http://www.scielo.sa.cr/scielo.php?script=sci_arttext&pid=S0001-60022004000200006&lang=pt" 
"S0001-60022004000200007-cri","Sedación ¿Qué es?, ¿Quién debe administrarla?","Rojas-Rivera, Walter, Camacho-Aguilar, Marcela","Acta Médica Costarricense; 46(2); 68-71","Acta Médica Costarricense","Espanhol","2004","http://www.scielo.sa.cr/scielo.php?script=sci_arttext&pid=S0001-60022004000200007&lang=pt" 
"S0001-60022004000200008-cri","Estado nutricional de la población menor de 5 años en la consulta de crecimiento y desarrollo del distrito San Rafael de Alajuela en el año 2002","Leal Mateos, Manrique, Ruiz Castro, Javier, Salazar Solís, Ricardo","Acta Médica Costarricense; 46(2); 72-77","Acta Médica Costarricense","Espanhol","2004","http://www.scielo.sa.cr/scielo.php?script=sci_arttext&pid=S0001-60022004000200008&lang=pt" 
"S0001-60022004000200009-cri","Intoxicación alimentaria por Clostridium perfringens en el Centro Penitenciario de Atención Institucional de San José: estudio de cohorte retrospectivo","Wong-Mc Clure, Roy, Silva-Solórzano, Armando, Badilla-Vargas, Xiomara","Acta Médica Costarricense; 46(2); 78-83","Acta Médica Costarricense","Espanhol","2004","http://www.scielo.sa.cr/scielo.php?script=sci_arttext&pid=S0001-60022004000200009&lang=pt" 
"S0001-60022004000200010-cri","Manejo del niño febril","Fernández-Rojas, Sara, Ulloa-Gutiérrez, Rolando, Avila-Aguero, María L.","Acta Médica Costarricense; 46(2); 84-87","Acta Médica Costarricense","Espanhol","2004","http://www.scielo.sa.cr/scielo.php?script=sci_arttext&pid=S0001-60022004000200010&lang=pt" 
"S0001-60022004000200011-cri","Características clínicas de dos probables casos de síndrome de Angelman en el Hospital Nacional de Niños","Midence Cerda, Marvin, Brian Gago, Roberto","Acta Médica Costarricense; 46(2); 88-90","Acta Médica Costarricense","Espanhol","2004","http://www.scielo.sa.cr/scielo.php?script=sci_arttext&pid=S0001-60022004000200011&lang=pt" 
"S0001-60022004000200012-cri","Enfermedad de Chagas aguda, en un adulto tratado con benznidazol (Rochagan®) en Costa Rica","Montenegro, Víctor M., Castro-Ugalde, Jorge A., Zeledón, Rodrigo","Acta Médica Costarricense; 46(2); 91-93","Acta Médica Costarricense","Espanhol","2004","http://www.scielo.sa.cr/scielo.php?script=sci_arttext&pid=S0001-60022004000200012&lang=pt" 
"S1405-55462004000200001-mex","Editorial","Levachkine, Serguei","Computación y Sistemas; 7(4); 1-1","Computación y Sistemas","Inglês","2004","http://www.scielo.org.mx/scielo.php?script=sci_arttext&pid=S1405-55462004000200001&lang=pt" 
"S1405-55462004000200002-mex","Un Método para el Diseño de la Base de Datos a partir del Modelo Orientado a Objetos","Hernández González, Anaisa","Computación y Sistemas; 7(4); 224-238","Computación y Sistemas","Espanhol","2004","http://www.scielo.org.mx/scielo.php?script=sci_arttext&pid=S1405-55462004000200002&lang=pt" 
"S1405-55462004000200003-mex","A Stabilizable Control Laws For a Rotational Pendulum: A Trajectory Planning Approach","Aguilar Ibañez, Carlos F, Chavoya A, Oscar","Computación y Sistemas; 7(4); 239-248","Computación y Sistemas","Inglês","2004","http://www.scielo.org.mx/scielo.php?script=sci_arttext&pid=S1405-55462004000200003&lang=pt" 
"S1405-55462004000200004-mex","On Modelling an Immune System","Monroy, Raúl, Saab, Rosa, Godínez, Fernando","Computación y Sistemas; 7(4); 249-259","Computación y Sistemas","Inglês","2004","http://www.scielo.org.mx/scielo.php?script=sci_arttext&pid=S1405-55462004000200004&lang=pt" 
"S1405-55462004000200005-mex","Dynamic Random Fuzzy Cognitive Maps","Aguilar, José","Computación y Sistemas; 7(4); 260-271","Computación y Sistemas","Inglês","2004","http://www.scielo.org.mx/scielo.php?script=sci_arttext&pid=S1405-55462004000200005&lang=pt" 
"S1405-55462004000200006-mex","Secuencias Cifrantes de Números Metálicos a partir de Fracciones Contínuas","Romero, F.J., Vázquez, R","Computación y Sistemas; 7(4); 272-284","Computación y Sistemas","Espanhol","2004","http://www.scielo.org.mx/scielo.php?script=sci_arttext&pid=S1405-55462004000200006&lang=pt" 
"S1405-55462004000200007-mex","Neural Networks applied to 3D Object Depth Recovery","Cuevas de la Rosa, Francisco Javier, Servin Guirado, Manuel","Computación y Sistemas; 7(4); 285-295","Computación y Sistemas","Inglês","2004","http://www.scielo.org.mx/scielo.php?script=sci_arttext&pid=S1405-55462004000200007&lang=pt" 
"S1024-06752004000200010-bol","Cefalohematoma gigante","Pantoja Ludueña, Manuel, Arteaga Bonilla, Ricardo, Mazzi Gonzales de Prada, Eduardo","Revista de la Sociedad Boliviana de Pediatría; 43(2); 99-100","Revista de la Sociedad Boliviana de Pediatría","Espanhol","2004","http://www.scielo.org.bo/scielo.php?script=sci_arttext&pid=S1024-06752004000200010&lang=pt" 
"S1024-06752004000200001-bol","Perspectivas de la Revista de la Sociedad Boliviana de Pediatría","","Revista de la Sociedad Boliviana de Pediatría; 43(2); 50-50","Revista de la Sociedad Boliviana de Pediatría","Espanhol","2004","http://www.scielo.org.bo/scielo.php?script=sci_arttext&pid=S1024-06752004000200001&lang=pt" 
"S1024-06752004000200017-bol","Guías de diagnóstico y tratamiento: Anemia por deficiencia de hierro","Aranda Torrelio, Eduardo","Revista de la Sociedad Boliviana de Pediatría; 43(2); 131-140","Revista de la Sociedad Boliviana de Pediatría","Espanhol","2004","http://www.scielo.org.bo/scielo.php?script=sci_arttext&pid=S1024-06752004000200017&lang=pt" 
"S1024-06752004000200004-bol","Situación nutricional de hierro, cobre y zinc en escolares de Tacopaya, Bolivia","Gerardo Weisstaub, Sergio, Bustos, Mario, Olivares X., Mario, Castillo, Duran Carlos, Araya Q., Magdalena","Revista de la Sociedad Boliviana de Pediatría; 43(2); 77-80","Revista de la Sociedad Boliviana de Pediatría","Espanhol","2004","http://www.scielo.org.bo/scielo.php?script=sci_arttext&pid=S1024-06752004000200004&lang=pt" 
"S1024-06752004000200009-bol","Derrame pleural paraneumónico en niños","Luna Valdez, Carlos Max","Revista de la Sociedad Boliviana de Pediatría; 43(2); 95-98","Revista de la Sociedad Boliviana de Pediatría","Espanhol","2004","http://www.scielo.org.bo/scielo.php?script=sci_arttext&pid=S1024-06752004000200009&lang=pt" 
"S1024-06752004000200003-bol","Biopsia renal percutanea experiencia en el Hospital Materno Infantíl - Caja Nacional de Salud","Saldaña Imaña, Marcos, Calderón Zelaya, Martha","Revista de la Sociedad Boliviana de Pediatría; 43(2); 73-76","Revista de la Sociedad Boliviana de Pediatría","Espanhol","2004","http://www.scielo.org.bo/scielo.php?script=sci_arttext&pid=S1024-06752004000200003&lang=pt" 
"S1024-06752004000200014-bol","Infecciones invasivas por Streptococcus pneumoniae: estudio epidemiológico e importancia del desarrollo de un sistema de vigilancia","Ruvinsky, Raúl, Gentile, Angela, Regueira, Mabel, Corso, Alejandra, Ruvinsky, Raúl, Gentile, Angela, Regueira, Mabel, Corso, Alejandra, Pace, Julio, Bakir, Julia, Di Fabio, José Luis, Rossi, Alicia, Altschuler, Marta, González Ayala, Silvia, Hernández, Claudia, Rubeglio, Etelvina, Bologna, Rosa, Grenón, Sara, Von Specht, Marta, Mayoral, Claudia, Beltramino, Juan Carlos, Carabajal, Laura, Silverberg, Raquel, Rial, María José, Alarcón, Nora, Ferrero, Fernando, Yudowski, Susana, Tregnaghi, Miguel, Balbi de Aguirre, Laura, Aprá, Ernestina Q., Vázquez, Mabel, Galanternic, Laura, Procopio, Adriana, Logarzo, Daniel, Meccia, Aída L., Kremer, Clara, Perez, Carlota, Cuza, Nélida, Villagra de Trejo, Ana, Lura de Calafell, María Cristina, Pierini de Gaite, Judith, Fabre, Rosa, Dalamón, Ricardo, Bruno, Miriam, Díaz, Nora, Noriega, Marta, Gómez, Diana","Revista de la Sociedad Boliviana de Pediatría; 43(2); 107-115","Revista de la Sociedad Boliviana de Pediatría","Espanhol","2004","http://www.scielo.org.bo/scielo.php?script=sci_arttext&pid=S1024-06752004000200014&lang=pt" 
"S1024-06752004000200008-bol","Rabia humana: A propósito de un caso","Velasco, Víctor Hugo, Arellano Maric, Maria Paola, Salazar Fuentes, Jorge","Revista de la Sociedad Boliviana de Pediatría; 43(2); 89-94","Revista de la Sociedad Boliviana de Pediatría","Espanhol","2004","http://www.scielo.org.bo/scielo.php?script=sci_arttext&pid=S1024-06752004000200008&lang=pt" 
"S1024-06752004000200011-bol","Preparaciones pediátricas contra el resfrío común y la tos","Aranda Torrelio, Eduardo, Aguilar, Ana María","Revista de la Sociedad Boliviana de Pediatría; 43(2); 101-101","Revista de la Sociedad Boliviana de Pediatría","Espanhol","2004","http://www.scielo.org.bo/scielo.php?script=sci_arttext&pid=S1024-06752004000200011&lang=pt" 
"S1024-06752004000200013-bol","Probióticos en Pediatría","Mendoza Amatller, Alfredo, Paulsen Sandi, Kurt, Gorena Antezana, Samara","Revista de la Sociedad Boliviana de Pediatría; 43(2); 104-106","Revista de la Sociedad Boliviana de Pediatría","Espanhol","2004","http://www.scielo.org.bo/scielo.php?script=sci_arttext&pid=S1024-06752004000200013&lang=pt" 
"S1024-06752004000200002-bol","Escolaridad de los padres y desarrollo del menor de cinco años en la Caja Petrolera de Salud","De Avila Aburdene, Reynaldo","Revista de la Sociedad Boliviana de Pediatría; 43(2); 69-72","Revista de la Sociedad Boliviana de Pediatría","Espanhol","2004","http://www.scielo.org.bo/scielo.php?script=sci_arttext&pid=S1024-06752004000200002&lang=pt" 
"S1024-06752004000200016-bol","Sensibilidad y especificidad de los exámenes de anticuerpos antigliadina y antiendomisio","Lozano, Winston, Méndez, Virginia, Ferreira, María Inés, Gutiérrez, Carmen","Revista de la Sociedad Boliviana de Pediatría; 43(2); 121-130","Revista de la Sociedad Boliviana de Pediatría","Espanhol","2004","http://www.scielo.org.bo/scielo.php?script=sci_arttext&pid=S1024-06752004000200016&lang=pt" 
"S1024-06752004000200015-bol","Tiña de la cabeza. Comunicación de 54 casos","Aldamacaballero, Arnaldo B., , Victoria, Correa, Julio, Mendoza, Gloria","Revista de la Sociedad Boliviana de Pediatría; 43(2); 116-120","Revista de la Sociedad Boliviana de Pediatría","Espanhol","2004","http://www.scielo.org.bo/scielo.php?script=sci_arttext&pid=S1024-06752004000200015&lang=pt" 
"S1024-06752004000200007-bol","Intoxicación por hierbas y su posible relación con encefalopatía hepática: síndrome de Reye","Ramirez Rodriguez, Nelson, Pabón Uego, Cecilia, Ortiz, Eduardo, Duchen, Luis, Ávila, Adrián","Revista de la Sociedad Boliviana de Pediatría; 43(2); 86-88","Revista de la Sociedad Boliviana de Pediatría","Espanhol","2004","http://www.scielo.org.bo/scielo.php?script=sci_arttext&pid=S1024-06752004000200007&lang=pt" 
"S1024-06752004000200006-bol","Síndrome anticolinérgico central por dosis terapéuticas de ciproheptadina. A propósito de un caso.","Peñaranda Pérez, Iván, Laura Peñaranda, María Teresa","Revista de la Sociedad Boliviana de Pediatría; 43(2); 84-85","Revista de la Sociedad Boliviana de Pediatría","Espanhol","2004","http://www.scielo.org.bo/scielo.php?script=sci_arttext&pid=S1024-06752004000200006&lang=pt" 
"S1024-06752004000200012-bol","Guías de la OMS para el manejo de la malnutrición severa en hospitales rurales de Sud África: efectos sobre la tasa de letalidad y la influencia de factores operacionales","Aranda Torrelio, Eduardo, Aguilar Liendo, Ana María","Revista de la Sociedad Boliviana de Pediatría; 43(2); 103-103","Revista de la Sociedad Boliviana de Pediatría","Espanhol","2004","http://www.scielo.org.bo/scielo.php?script=sci_arttext&pid=S1024-06752004000200012&lang=pt" 
"S1024-06752004000200005-bol","Duplicación intestinal ileal. A propósito de un caso","Pacheco Llerena, Rodolfo, Galindo Gómez, Jorge, Fernández Hinojosa, Ruth, Luna Valdez, Carlos, González Uzieda, Luis","Revista de la Sociedad Boliviana de Pediatría; 43(2); 81-83","Revista de la Sociedad Boliviana de Pediatría","Espanhol","2004","http://www.scielo.org.bo/scielo.php?script=sci_arttext&pid=S1024-06752004000200005&lang=pt" 
"S1519-70772004000400001-scl","A mensuração do resultado da qualidade em empresas brasileiras","Alencar, Roberta Carvalho de, Guerreiro, Reinaldo","Revista Contabilidade &amp; Finanças; 15(spe); 7-23","Revista Contabilidade &amp; Finanças","Português","2004","http://www.scielo.br/scielo.php?script=sci_arttext&pid=S1519-70772004000400001&lang=pt" 
"S1519-70772004000400002-scl","Impacto da especificidade de ativos nos custos de transação, na estrutura de capital e no valor da empresa","Pohlmann, Marcelo Coletto, Aguiar, Andson Braga de, Bertolucci, Aldo, Martins, Eliseu","Revista Contabilidade &amp; Finanças; 15(spe); 24-40","Revista Contabilidade &amp; Finanças","Português","2004","http://www.scielo.br/scielo.php?script=sci_arttext&pid=S1519-70772004000400002&lang=pt" 
"S1519-70772004000400003-scl","A eficiência das informações divulgadas em &quot;melhores &amp; maiores&quot; da revista exame para a previsão de desempenho de empresas","Antunes, Maria Thereza Pompa, Corrar, Luiz João, Kato, Heitor Takashi","Revista Contabilidade &amp; Finanças; 15(spe); 41-50","Revista Contabilidade &amp; Finanças","Português","2004","http://www.scielo.br/scielo.php?script=sci_arttext&pid=S1519-70772004000400003&lang=pt" 
"S1519-70772004000400004-scl","Uma proposta para a análise integrada da liquidez e rentabilidade das empresas","Braga, Roberto, Nossa, Valcemiro, Marques, José Augusto Veiga da Costa","Revista Contabilidade &amp; Finanças; 15(spe); 51-64","Revista Contabilidade &amp; Finanças","Português","2004","http://www.scielo.br/scielo.php?script=sci_arttext&pid=S1519-70772004000400004&lang=pt" 
"S1519-70772004000400005-scl","Utilização do Target Costing e de outras técnicas de custeio: um estudo exploratório em municípios de Santa Catarina","Ono, Koki, Robles Junior, Antonio","Revista Contabilidade &amp; Finanças; 15(spe); 65-78","Revista Contabilidade &amp; Finanças","Português","2004","http://www.scielo.br/scielo.php?script=sci_arttext&pid=S1519-70772004000400005&lang=pt" 
"S1519-70772004000400006-scl","Da onda da gestão da qualidade a uma filosofia da qualidade da gestão: Balanced Scorecard promovendo mudanças","Lima, Andréa Cavalcanti Correia, Cavalcanti, Arlei Antonio, Ponte, Vera","Revista Contabilidade &amp; Finanças; 15(spe); 79-94","Revista Contabilidade &amp; Finanças","Português","2004","http://www.scielo.br/scielo.php?script=sci_arttext&pid=S1519-70772004000400006&lang=pt" 
"S1519-70772004000400007-scl","Budgeting in an open system","Nowak, Wojciech A.","Revista Contabilidade &amp; Finanças; 15(spe); 95-105","Revista Contabilidade &amp; Finanças","Inglês","2004","http://www.scielo.br/scielo.php?script=sci_arttext&pid=S1519-70772004000400007&lang=pt" 
"S1519-70772004000400008-scl","Utilização de informações de custos no processo gerencial: estudo comparativo entre a hotelaria do Estado do Rio Grande do Norte e a região nordeste, sob a ótica da gestão econômico-financeira","Lima, Gerlando Augusto Sampaio Franco de, Egito, Meline Oliveira Tabosa do, Silva, José Dionísio Gomes da","Revista Contabilidade &amp; Finanças; 15(spe); 106-116","Revista Contabilidade &amp; Finanças","Português","2004","http://www.scielo.br/scielo.php?script=sci_arttext&pid=S1519-70772004000400008&lang=pt" 
"S0212-71992004000600013-esp","Toxicidad hepática por flutamida","Vázquez Romero, M., Gil Grande, L., López Serrano, P., Alemán Villanueva, S., García Plaza, A.","Anales de Medicina Interna; 21(6); 57-58","Anales de Medicina Interna","Espanhol","2004","http://scielo.isciii.es/scielo.php?script=sci_arttext&pid=S0212-71992004000600013&lang=pt" 
"S0212-71992004000600008-esp","Acidosis láctica en paciente diabético tratado con metformina","Solano Remirez, M., González Arencibia, C., Álvarez Frías, M., Llorente Díaz, B., Echegaray Agara, M.","Anales de Medicina Interna; 21(6); 38-40","Anales de Medicina Interna","Espanhol","2004","http://scielo.isciii.es/scielo.php?script=sci_arttext&pid=S0212-71992004000600008&lang=pt" 
"S0212-71992004000600010-esp","La Medicina Interna: situación actual y nuevos horizontes","Gómez, J.","Anales de Medicina Interna; 21(6); 51-55","Anales de Medicina Interna","Espanhol","2004","http://scielo.isciii.es/scielo.php?script=sci_arttext&pid=S0212-71992004000600010&lang=pt" 
"S0212-71992004000600005-esp","Pseudotumor inflamatorio del bazo: Revisión y aportación de un nuevo caso","Lado Lado, F. L., Páramo de Vega, M., Torre Carballada, J. A., Lois Pernas, A., Abdulkader, I.","Anales de Medicina Interna; 21(6); 29-32","Anales de Medicina Interna","Espanhol","2004","http://scielo.isciii.es/scielo.php?script=sci_arttext&pid=S0212-71992004000600005&lang=pt" 
"S0212-71992004000600012-esp","Infección faríngea por Mycoplasma pneumoniae en un adulto joven: Un caso","López Castro, J., Gómez Fernández, R., Marnotes González, J., Fernández Álvarez, O.","Anales de Medicina Interna; 21(6); 57-57","Anales de Medicina Interna","Espanhol","2004","http://scielo.isciii.es/scielo.php?script=sci_arttext&pid=S0212-71992004000600012&lang=pt" 
"S0212-71992004000600003-esp","Distribución del gasto farmacéutico en medicación antirretoviral","Tornero Estebanez, C., Santamaría Martín, A., Gil Tomás, E., Soler Company, E., Rull Segura, S.","Anales de Medicina Interna; 21(6); 19-21","Anales de Medicina Interna","Espanhol","2004","http://scielo.isciii.es/scielo.php?script=sci_arttext&pid=S0212-71992004000600003&lang=pt" 
"S0212-71992004000600007-esp","Eritema generalizado, masa pulmonar e inguinal como forma de presentación de un carcinoma neuroendocrino pulmonar de células grandes","Monterrubio Villar, J., Córdoba López, A., Montero Márquez, M. N., Toral Peña, J. C.","Anales de Medicina Interna; 21(6); 35-37","Anales de Medicina Interna","Espanhol","2004","http://scielo.isciii.es/scielo.php?script=sci_arttext&pid=S0212-71992004000600007&lang=pt" 
"S0212-71992004000600002-esp","Prevalencia y factores asociados a malnutrición en ancianos hospitalizados","Ramos Martínez, A., Asensio Vegas, A., Núñez Palomo, S., Millán Santos, I.","Anales de Medicina Interna; 21(6); 9-18","Anales de Medicina Interna","Espanhol","2004","http://scielo.isciii.es/scielo.php?script=sci_arttext&pid=S0212-71992004000600002&lang=pt" 
"S0212-71992004000600004-esp","Impacto de la terapia inhalada con ß-2 agonistas de larga duración sobre la calidad de vida en pacientes asmáticos","Vegazo García, O., Martín Fernández, J., Barcina Sánchez, C., Jiménez Jiménez, F. J., Estiarte Navarro, R.","Anales de Medicina Interna; 21(6); 22-28","Anales de Medicina Interna","Espanhol","2004","http://scielo.isciii.es/scielo.php?script=sci_arttext&pid=S0212-71992004000600004&lang=pt" 
"S0212-71992004000600001-esp","Prevalencia y factores asociados a malnutrición en ancianos hospitalizados","García Peris, P.","Anales de Medicina Interna; 21(6); 5-6","Anales de Medicina Interna","Espanhol","2004","http://scielo.isciii.es/scielo.php?script=sci_arttext&pid=S0212-71992004000600001&lang=pt" 
"S0212-71992004000600018-esp","Experiencia de carcinoma de tiroides en un hospital comarcal: estudio de 21 casos","Valentí Ponsa, C., Martí Cabané, J.","Anales de Medicina Interna; 21(6); 62-63","Anales de Medicina Interna","Espanhol","2004","http://scielo.isciii.es/scielo.php?script=sci_arttext&pid=S0212-71992004000600018&lang=pt" 
"S0212-71992004000600016-esp","Patrón infiltrativo hepático y dolores óseos","Gómez de la Torre, R., Cadenas, F., Milla Crespo, A., Fernández Bustamante, J.","Anales de Medicina Interna; 21(6); 61-61","Anales de Medicina Interna","Espanhol","2004","http://scielo.isciii.es/scielo.php?script=sci_arttext&pid=S0212-71992004000600016&lang=pt" 
"S0212-71992004000600015-esp","Prevalencia de síndrome metabólico en pacientes con diabetes tipo 2","Gimeno Orna, J. A., Boned Juliani, B., Lou Arnal, L. M.","Anales de Medicina Interna; 21(6); 59-61","Anales de Medicina Interna","Espanhol","2004","http://scielo.isciii.es/scielo.php?script=sci_arttext&pid=S0212-71992004000600015&lang=pt" 
"S0212-71992004000600011-esp","Hidroneumotórax en paciente inmunocompetente","Jover Díaz, F., Robert Gates, J., Cuadrado Pastor, J. M.","Anales de Medicina Interna; 21(6); 56-57","Anales de Medicina Interna","Espanhol","2004","http://scielo.isciii.es/scielo.php?script=sci_arttext&pid=S0212-71992004000600011&lang=pt" 
"S0212-71992004000600019-esp","¿Existe permeabilidad completa de la vena previamente trombosada cuando finaliza el tratamiento anticoagulante en la trombosis venosa profunda idiopática?","Marcos Sánchez, F., Albo Castaño, M. I., Viana Alonso, A., Muñoz Ruiz, A. I., Casallo Blanco, S.","Anales de Medicina Interna; 21(6); 63-64","Anales de Medicina Interna","Espanhol","2004","http://scielo.isciii.es/scielo.php?script=sci_arttext&pid=S0212-71992004000600019&lang=pt" 
"S0212-71992004000600021-esp","","García Lázaro, M.","Anales de Medicina Interna; 21(6); 64-64","Anales de Medicina Interna","Espanhol","2004","http://scielo.isciii.es/scielo.php?script=sci_arttext&pid=S0212-71992004000600021&lang=pt" 
"S0212-71992004000600014-esp","Derrame pleural como manifestación del síndrome de hiperestimulación ovárica, tras tratamiento de miomas uterinos con triptorelina","Andreu, A. L., Chiner, E., Gómez Merino, E., Signes-Costa, J.","Anales de Medicina Interna; 21(6); 58-59","Anales de Medicina Interna","Espanhol","2004","http://scielo.isciii.es/scielo.php?script=sci_arttext&pid=S0212-71992004000600014&lang=pt" 
"S0212-71992004000600020-esp","Medicina Interna de enlace y consulta","Castillo Rueda, A. del","Anales de Medicina Interna; 21(6); 64-64","Anales de Medicina Interna","Espanhol","2004","http://scielo.isciii.es/scielo.php?script=sci_arttext&pid=S0212-71992004000600020&lang=pt" 
"S0212-71992004000600006-esp","Hipertensión portal izquierda con sangrado por varices gástricas como forma de presentación de un hipernefroma","Joya Seijo, M. D., Valle Loarte, P. del, Marco Martínez, J., Herrera Merino, N., Agud Aparicio, J. L.","Anales de Medicina Interna; 21(6); 33-34","Anales de Medicina Interna","Espanhol","2004","http://scielo.isciii.es/scielo.php?script=sci_arttext&pid=S0212-71992004000600006&lang=pt" 
"S0212-71992004000600017-esp","Esofagitis herpética asociada a esofagitis por Candida albicans en paciente inmunocompetente","Marti Cabané, J., Álvarez Rubio, M.","Anales de Medicina Interna; 21(6); 62-62","Anales de Medicina Interna","Espanhol","2004","http://scielo.isciii.es/scielo.php?script=sci_arttext&pid=S0212-71992004000600017&lang=pt" 
"S1815-02762004000200004-bol","","Romeo, Marta","Punto Cero; 09(09); 18-23","Punto Cero","Espanhol","2004","http://www.scielo.org.bo/scielo.php?script=sci_arttext&pid=S1815-02762004000200004&lang=pt" 
"S1815-02762004000200003-bol","IMAGENES DEL CUERPO JOVEN","Kaplún, Gabriel","Punto Cero; 09(09); 10-17","Punto Cero","Espanhol","2004","http://www.scielo.org.bo/scielo.php?script=sci_arttext&pid=S1815-02762004000200003&lang=pt" 
"S1815-02762004000200001-bol","ENTREVISTA A MARCELO GUARDIA CRESPO","Canedo, Silvia","Punto Cero; 09(09); 1-3","Punto Cero","Espanhol","2004","http://www.scielo.org.bo/scielo.php?script=sci_arttext&pid=S1815-02762004000200001&lang=pt" 
"S1815-02762004000200013-bol","LINGÜÍSTICA: SÍMBOLOS Y ARQUETIPOS EN AUDIOVISUALES","Guevara Quiroz, Ernesto","Punto Cero; 09(09); 71-75","Punto Cero","Espanhol","2004","http://www.scielo.org.bo/scielo.php?script=sci_arttext&pid=S1815-02762004000200013&lang=pt" 
"S1815-02762004000200009-bol","PERIODISMO Y DEMOCRACIA: CONTUBERNIO ADÚLTERO DONDE LA CORNUDA SE LLAMA SOCIEDAD","Espinoza Antezana, Santiago","Punto Cero; 09(09); 50-52","Punto Cero","Espanhol","2004","http://www.scielo.org.bo/scielo.php?script=sci_arttext&pid=S1815-02762004000200009&lang=pt" 
"S1815-02762004000200011-bol","JUVENTUD MEDIÁTICA: AQUÍ Y AHORA, A TODA VELOCIDAD","Guadarrama Rico, Luis Alfonso","Punto Cero; 09(09); 60-63","Punto Cero","Espanhol","2004","http://www.scielo.org.bo/scielo.php?script=sci_arttext&pid=S1815-02762004000200011&lang=pt" 
"S1815-02762004000200008-bol","¿POR QUE DOBLAN LAS CAMPANAS?: LA CRISIS DEL MARKETING POLITICO EN BOLIVIA","Tórrez, Yuri","Punto Cero; 09(09); 45-49","Punto Cero","Espanhol","2004","http://www.scielo.org.bo/scielo.php?script=sci_arttext&pid=S1815-02762004000200008&lang=pt" 
"S1815-02762004000200005-bol","DE LIBERALES, CONSERVADORES Y REPRESIONES SEXUALES: EROTISMO Y CULTURA EN LA SOCIEDAD COCHABAMBINA","Rojas, José Eduardo","Punto Cero; 09(09); 24-32","Punto Cero","Espanhol","2004","http://www.scielo.org.bo/scielo.php?script=sci_arttext&pid=S1815-02762004000200005&lang=pt" 
"S1815-02762004000200012-bol","EL CUERPO COMO DISCURSO Y LOS DISCURSOS SOBRE EL CUERPO: LA METAFORICIDAD EN EL QUECHUA BOLIVIANO","Garcés V., Fernando","Punto Cero; 09(09); 64-70","Punto Cero","Espanhol","2004","http://www.scielo.org.bo/scielo.php?script=sci_arttext&pid=S1815-02762004000200012&lang=pt" 
"S1815-02762004000200014-bol","¿QUE INVESTIGAMOS EN COMUNICACIÓN? LAS PRIMERAS 200 TESIS EN LA CARRERA DE COMUNICACIÓN SOCIAL DE LA UNIVERSIDAD CATÓLICA BOLIVIANA REGIONAL COCHABAMBA","Tórrez, Yuri, López Z., Pedro Luís","Punto Cero; 09(09); 76-86","Punto Cero","Espanhol","2004","http://www.scielo.org.bo/scielo.php?script=sci_arttext&pid=S1815-02762004000200014&lang=pt" 
"S1815-02762004000200006-bol","WALTER BENJAMIN O LA HISTORIA A CONTRAPELO","Villena Fiengo, Sergio","Punto Cero; 09(09); 33-37","Punto Cero","Espanhol","2004","http://www.scielo.org.bo/scielo.php?script=sci_arttext&pid=S1815-02762004000200006&lang=pt" 
"S1815-02762004000200007-bol","VIDEOCLIP CAÓTICAS ESENCIAS","Vargas, Ronald A.","Punto Cero; 09(09); 38-44","Punto Cero","Espanhol","2004","http://www.scielo.org.bo/scielo.php?script=sci_arttext&pid=S1815-02762004000200007&lang=pt" 
"S1815-02762004000200010-bol","LA IDEA DE ILUSTRACION: UNA EXPLORACION Y COMPARACION","Galindo, Fernando","Punto Cero; 09(09); 53-59","Punto Cero","Espanhol","2004","http://www.scielo.org.bo/scielo.php?script=sci_arttext&pid=S1815-02762004000200010&lang=pt" 
"S1815-02762004000200002-bol","Entrevista a MARCELO GUARDIA CRESPO","Canedo, Silvia","Punto Cero; 09(09); 4-9","Punto Cero","Espanhol","2004","http://www.scielo.org.bo/scielo.php?script=sci_arttext&pid=S1815-02762004000200002&lang=pt" 
"S0212-71992004000600009-esp","Manejo perioperatorio de la medicación crónica no relacionada con la cirugía","Juvany Roig, R., Mercadal Orfila, G., Jódar Masanés, R.","Anales de Medicina Interna; 21(6); 41-50","Anales de Medicina Interna","Espanhol","2004","http://scielo.isciii.es/scielo.php?script=sci_arttext&pid=S0212-71992004000600009&lang=pt" 
"S0034-75902004000200003-scl","A formação de constelações: o caso da indústria global de transporte aéreo","Lazzarini, Sérgio G., Joaquim, Thiago A. Z.","Revista de Administração de Empresas; 44(2); 11-25","Revista de Administração de Empresas","Português","2004","http://www.scielo.br/scielo.php?script=sci_arttext&pid=S0034-75902004000200003&lang=pt" 
"S0034-75902004000200005-scl","Intensidade tecnológica e sistemas de trabalho de alto desempenho: a contingent approach","Olaverri, Maria Carmen García, Kintana, Martin Larraza, Alonso, Ainhoa Urtasun","Revista de Administração de Empresas; 44(2); 38-50","Revista de Administração de Empresas","Português","2004","http://www.scielo.br/scielo.php?script=sci_arttext&pid=S0034-75902004000200005&lang=pt" 
"S0034-71672004000300002-scl","Acidentes do trabalho com substâncias químicas entre os trabalhadores de enfermagem","Costa, Taiza Florêncio, Felli, Vanda Elisa Andres","Revista Brasileira de Enfermagem; 57(3); 269-273","Revista Brasileira de Enfermagem","Português","2004","http://www.scielo.br/scielo.php?script=sci_arttext&pid=S0034-71672004000300002&lang=pt" 
"S0034-71672004000300003-scl","Atuação da família frente ao processo saúde-doença de um familiar com câncer de mama","Araújo, Jorgéria da Silva, Nascimento, Maria Angela Alves do","Revista Brasileira de Enfermagem; 57(3); 274-278","Revista Brasileira de Enfermagem","Português","2004","http://www.scielo.br/scielo.php?script=sci_arttext&pid=S0034-71672004000300003&lang=pt" 
"S0034-71672004000300004-scl","Competências e o processo ensino-aprendizagem do diagnóstico de enfermagem","Almeida, Miriam de Abreu","Revista Brasileira de Enfermagem; 57(3); 279-283","Revista Brasileira de Enfermagem","Português","2004","http://www.scielo.br/scielo.php?script=sci_arttext&pid=S0034-71672004000300004&lang=pt" 
"S0034-71672004000300007-scl","Gerenciamento de novas tecnologias em centro cirúrgico pelas enfermeiras nos hospitais de feira de Santana - Ba","Oliveira, Marluce Alves Nunes","Revista Brasileira de Enfermagem; 57(3); 292-297","Revista Brasileira de Enfermagem","Português","2004","http://www.scielo.br/scielo.php?script=sci_arttext&pid=S0034-71672004000300007&lang=pt" 
"S0034-71672004000300008-scl","Idoso com sarcopenia: uma abordagem do cuidado da enfermeira","Unicovsky, Margarita Ana Rubin","Revista Brasileira de Enfermagem; 57(3); 298-302","Revista Brasileira de Enfermagem","Português","2004","http://www.scielo.br/scielo.php?script=sci_arttext&pid=S0034-71672004000300008&lang=pt" 
"S0034-71672004000300010-scl","Para uma história do presente do brincar e das práticas em saùde","Medrano, Carlos Alberto","Revista Brasileira de Enfermagem; 57(3); 306-310","Revista Brasileira de Enfermagem","Português","2004","http://www.scielo.br/scielo.php?script=sci_arttext&pid=S0034-71672004000300010&lang=pt" 
"S0034-71672004000300011-scl","A participação do enfermeiro na implantação do Programa de Saúde da Família em Belo Horizonte","Pereira, Cláudia Maria de Oliveira, Alves, Marilia","Revista Brasileira de Enfermagem; 57(3); 311-315","Revista Brasileira de Enfermagem","Português","2004","http://www.scielo.br/scielo.php?script=sci_arttext&pid=S0034-71672004000300011&lang=pt" 
"S0034-71672004000300012-scl","Percepções dos enfermeiros acerca das ações administrativas em seu processo de trabalho","Vaghetti, Helena, Reis, Daniela, Kerber, Nalú da Costa, Azambuja, Eliana, Fernandes, Geani","Revista Brasileira de Enfermagem; 57(3); 316-320","Revista Brasileira de Enfermagem","Português","2004","http://www.scielo.br/scielo.php?script=sci_arttext&pid=S0034-71672004000300012&lang=pt" 
"S0034-71672004000300014-scl","O processo ensino-aprendizagem crítico-reflexivo","Chirelli, Mara Quaglio, Mishima, Silvana Martins","Revista Brasileira de Enfermagem; 57(3); 326-331","Revista Brasileira de Enfermagem","Português","2004","http://www.scielo.br/scielo.php?script=sci_arttext&pid=S0034-71672004000300014&lang=pt" 
"S0034-71672004000300017-scl","Toque terapêutico na cicatrização de lesões da pele de cobaias","Savieto, Roberta Maria, Silva, Maria Júlia Paes da","Revista Brasileira de Enfermagem; 57(3); 340-343","Revista Brasileira de Enfermagem","Português","2004","http://www.scielo.br/scielo.php?script=sci_arttext&pid=S0034-71672004000300017&lang=pt" 
"S0034-71672004000300018-scl","O trabalho e o alcoolismo: estudo com trabalhadores","Rossato, Verginia Medianeira Dallago, Kirchhof, Ana Lúcia Cardoso","Revista Brasileira de Enfermagem; 57(3); 344-349","Revista Brasileira de Enfermagem","Português","2004","http://www.scielo.br/scielo.php?script=sci_arttext&pid=S0034-71672004000300018&lang=pt" 
"S0034-71672004000300025-scl","A formação que temos e a que queremos: um olhar sobre os discursos","Bonetti, Osvaldo Peralta, Kruse, Maria Henriqueta Luce","Revista Brasileira de Enfermagem; 57(3); 371-379","Revista Brasileira de Enfermagem","Português","2004","http://www.scielo.br/scielo.php?script=sci_arttext&pid=S0034-71672004000300025&lang=pt" 
"S0034-75902004000200001-scl","Editorial","Wood Jr., Thomaz","Revista de Administração de Empresas; 44(2); 5-5","Revista de Administração de Empresas","Português","2004","http://www.scielo.br/scielo.php?script=sci_arttext&pid=S0034-75902004000200001&lang=pt" 
"S0034-75902004000200002-scl","Fomentando a produção científica na academia ibero-americana","Gomez-Mejia, Luis","Revista de Administração de Empresas; 44(2); 10-10","Revista de Administração de Empresas","Português","2004","http://www.scielo.br/scielo.php?script=sci_arttext&pid=S0034-75902004000200002&lang=pt" 
"S0034-75902004000200008-scl","Unificando a alocação de capital em bancos e seguradoras no Brasil","Duarte Júnior, Antonio Marcos, Lélis, Rogério José Furigo","Revista de Administração de Empresas; 44(2); 92-103","Revista de Administração de Empresas","Português","2004","http://www.scielo.br/scielo.php?script=sci_arttext&pid=S0034-75902004000200008&lang=pt" 
"S0034-75902004000200007-scl","Fundos de pensão como financiadores da atividade econômica","Amaral, Hudson Fernandes, Vilaça, Caroline Sales Issa, Barbosa, Camila Figueiredo Marques, Bressan, Valéria Gama Fully","Revista de Administração de Empresas; 44(2); 79-91","Revista de Administração de Empresas","Português","2004","http://www.scielo.br/scielo.php?script=sci_arttext&pid=S0034-75902004000200007&lang=pt" 
"S0034-75902004000200006-scl","Vantagem competitiva: o construto e a métrica","Vasconcelos, Flávio Carvalho de, Brito, Luiz Artur Ledur","Revista de Administração de Empresas; 44(2); 51-63","Revista de Administração de Empresas","Português","2004","http://www.scielo.br/scielo.php?script=sci_arttext&pid=S0034-75902004000200006&lang=pt" 
"S0034-75902004000200009-scl","Repensando o papel da universidade","Calderón, Adolfo Ignacio","Revista de Administração de Empresas; 44(2); 104-108","Revista de Administração de Empresas","Português","2004","http://www.scielo.br/scielo.php?script=sci_arttext&pid=S0034-75902004000200009&lang=pt" 
"S0034-75902004000200010-scl","Em busca da organização democrática: a trajetória de Ramon Moreira Garcia","Gutierrez, Gustavo Luis, Freitas, Maria Ester de, Catani, Afrânio Mendes","Revista de Administração de Empresas; 44(2); 109-113","Revista de Administração de Empresas","Português","2004","http://www.scielo.br/scielo.php?script=sci_arttext&pid=S0034-75902004000200010&lang=pt" 
"S0034-75902004000200011-scl","Repensando os estudos críticos em administração","Paula, Ana Paula Paes de","Revista de Administração de Empresas; 44(2); 114-115","Revista de Administração de Empresas","Português","2004","http://www.scielo.br/scielo.php?script=sci_arttext&pid=S0034-75902004000200011&lang=pt" 
"S0034-75902004000200012-scl","Integrando fronteiras nos estudos organizacionais","Mendes, Rodrigo Hübner","Revista de Administração de Empresas; 44(2); 116-117","Revista de Administração de Empresas","Português","2004","http://www.scielo.br/scielo.php?script=sci_arttext&pid=S0034-75902004000200012&lang=pt" 
"S0034-75902004000200013-scl","Gestão pública","Schommer, Paula Chies","Revista de Administração de Empresas; 44(2); 118-118","Revista de Administração de Empresas","Português","2004","http://www.scielo.br/scielo.php?script=sci_arttext&pid=S0034-75902004000200013&lang=pt" 
"S0034-75902004000200014-scl","Relação indivíduo-organização","Faria, José Henrique de","Revista de Administração de Empresas; 44(2); 119-119","Revista de Administração de Empresas","Português","2004","http://www.scielo.br/scielo.php?script=sci_arttext&pid=S0034-75902004000200014&lang=pt" 
"S1413-85572004000100003-scl","Psicologia escolar e educacional no ensino superior: análise da produção científica","Bariani, Isabel Cristina Dib, Buin, Edimariz, Barros, Raquel de Camargo, Escher, Carolina de Aragão","Psicologia Escolar e Educacional; 8(1); 17-27","Psicologia Escolar e Educacional","Português","2004","http://www.scielo.br/scielo.php?script=sci_arttext&pid=S1413-85572004000100003&lang=pt" 
"S1413-85572004000100005-scl","Variação lingüística e alfabetização: um estudo com crianças da primeira série do ensino fundamental","Barrera, Sylvia Domingos, Maluf, Maria Regina","Psicologia Escolar e Educacional; 8(1); 35-46","Psicologia Escolar e Educacional","Português","2004","http://www.scielo.br/scielo.php?script=sci_arttext&pid=S1413-85572004000100005&lang=pt" 
"S1413-85572004000100006-scl","Estudo correlacional do inventário de busca auto dirigida (self-directed search) com o IFP","Primi, Ricardo, Moggi, Melissa Aparecida, Casellato, Érica Oliveira","Psicologia Escolar e Educacional; 8(1); 47-54","Psicologia Escolar e Educacional","Português","2004","http://www.scielo.br/scielo.php?script=sci_arttext&pid=S1413-85572004000100006&lang=pt" 
"S1413-85572004000100008-scl","O adolescente com transtorno de conduta: um estudo filosófico no âmbito da psicologia educacional e esportiva","Codea, Janaina de Souza Marinho Teles, Beresford, Heron","Psicologia Escolar e Educacional; 8(1); 67-74","Psicologia Escolar e Educacional","Português","2004","http://www.scielo.br/scielo.php?script=sci_arttext&pid=S1413-85572004000100008&lang=pt" 
"S1413-85572004000100009-scl","Dificuldades lingüísticas na aquisição da escrita e agressividade","Sisto, Fermino Fernandes, Fernandes, Débora Cecílio","Psicologia Escolar e Educacional; 8(1); 75-84","Psicologia Escolar e Educacional","Português","2004","http://www.scielo.br/scielo.php?script=sci_arttext&pid=S1413-85572004000100009&lang=pt" 
"S1413-85572004000100007-scl","Avaliação das práticas educacionais de um programa de atendimento a alunos superdotados e talentosos","Maia-Pinto, Renata Rodrigues, Fleith, Denise de Souza","Psicologia Escolar e Educacional; 8(1); 55-66","Psicologia Escolar e Educacional","Português","2004","http://www.scielo.br/scielo.php?script=sci_arttext&pid=S1413-85572004000100007&lang=pt" 
"S1413-85572004000100001-scl","Em busca da continuidade…","Joly, Maria Cristina Rodrigues Azevedo","Psicologia Escolar e Educacional; 8(1); 7-8","Psicologia Escolar e Educacional","Português","2004","http://www.scielo.br/scielo.php?script=sci_arttext&pid=S1413-85572004000100001&lang=pt" 
"S1413-85572004000100011-scl","Reciprocidade e compreensão da leitura","Witter, Geraldina Porto","Psicologia Escolar e Educacional; 8(1); 91-92","Psicologia Escolar e Educacional","Português","2004","http://www.scielo.br/scielo.php?script=sci_arttext&pid=S1413-85572004000100011&lang=pt" 
"S1413-85572004000100002-scl","Identificando talentos, aspirações profissionais e pessoas mais admiradas por estudantes","Alencar, Eunice M. L. Soriano de, Feldhusen, John F., French, Brian","Psicologia Escolar e Educacional; 8(1); 11-16","Psicologia Escolar e Educacional","Português","2004","http://www.scielo.br/scielo.php?script=sci_arttext&pid=S1413-85572004000100002&lang=pt" 
"S1413-85572004000100004-scl","La universidad como agente promotor de la lectura en el contexto de la sociedad venezolana","Vicentelli, Herminia","Psicologia Escolar e Educacional; 8(1); 29-33","Psicologia Escolar e Educacional","Espanhol","2004","http://www.scielo.br/scielo.php?script=sci_arttext&pid=S1413-85572004000100004&lang=pt" 
"S1413-85572004000100013-scl","Entrevista com Sérgio Antônio da Silva Leite","Sadalla, Ana Maria Falcão de Aragão","Psicologia Escolar e Educacional; 8(1); 95-103","Psicologia Escolar e Educacional","Português","2004","http://www.scielo.br/scielo.php?script=sci_arttext&pid=S1413-85572004000100013&lang=pt" 
"S1413-85572004000100010-scl","Entrevistas em psicologia escolar: reflexões sobre o ensino e a prática","Silva, Silvia Maria Cintra da, Ribeiro, Maria José, Marçal, Viviane Prado Buiatti","Psicologia Escolar e Educacional; 8(1); 85-90","Psicologia Escolar e Educacional","Português","2004","http://www.scielo.br/scielo.php?script=sci_arttext&pid=S1413-85572004000100010&lang=pt" 
"S1413-85572004000100012-scl","O universitário em foco","Granado, José Inácio Fernandes","Psicologia Escolar e Educacional; 8(1); 93-94","Psicologia Escolar e Educacional","Português","2004","http://www.scielo.br/scielo.php?script=sci_arttext&pid=S1413-85572004000100012&lang=pt" 
"S1413-85572004000100014-scl","Ensino de estratégias de leitura","Cantalice, Lucicleide Maria de","Psicologia Escolar e Educacional; 8(1); 105-106","Psicologia Escolar e Educacional","Português","2004","http://www.scielo.br/scielo.php?script=sci_arttext&pid=S1413-85572004000100014&lang=pt" 
"S1413-70542004000300009-scl","Planting time for maximization of yield of vinegar plant calyx (Hibiscus sabdariffa L.)","Castro, Nilmar Eduardo Arbex de, Pinto, José Eduardo Brasil Pereira, Cardoso, Maria das Graças, Morais, Augusto Ramalho de, Bertolucci, Suzan Kelly V., Silva, Fabiano Guimarães da, Delú Filho, Nelson","Ciência e Agrotecnologia; 28(3); 542-551","Ciência e Agrotecnologia","Inglês","2004","http://www.scielo.br/scielo.php?script=sci_arttext&pid=S1413-70542004000300009&lang=pt" 
"S1413-70542004000300003-scl","Efeito da semeadura a lanço e da população de plantas no rendimento de grãos e outras características da soja [Glycine Max (L.) Merrill]","Rezende, Pedro Milanez de, Gris, Cristiane Fortes, Gomes, Leonardo Lino, Tourino, Maria Cristina Cavalheiro, Botrel, Élberis Pereira","Ciência e Agrotecnologia; 28(3); 500-504","Ciência e Agrotecnologia","Português","2004","http://www.scielo.br/scielo.php?script=sci_arttext&pid=S1413-70542004000300003&lang=pt" 
"S1413-70542004000300005-scl","Identificação e caracterização das espécies arbóreas do canteiro central da Universidade Federal de Lavras/MG","Paiva, Patrícia Duarte de Oliveira, Landgraf, Paulo Roberto Corrêa, Rodrigues, Tatiana Michlovská, Pedroso, Deborah de Oliveira, Oliveira Filho, Ary Teixeira de, Gavilanes, Manuel Losada, Paiva, Renato","Ciência e Agrotecnologia; 28(3); 515-519","Ciência e Agrotecnologia","Português","2004","http://www.scielo.br/scielo.php?script=sci_arttext&pid=S1413-70542004000300005&lang=pt" 
"S1413-70542004000300008-scl","Movimentação de nitrato e amônio em colunas de solo","Araújo, Alexandre Romeiro de, Carvalho, João Luís Nunes, Guilherme, Luiz Roberto Guimarães, Curi, Nilton, Marques, João José","Ciência e Agrotecnologia; 28(3); 537-541","Ciência e Agrotecnologia","Português","2004","http://www.scielo.br/scielo.php?script=sci_arttext&pid=S1413-70542004000300008&lang=pt" 
"S1413-70542004000300029-scl","Qualidade e vida de prateleira de banana &#039;prata &#039; minimamente processada","Reis, Camila Martins Fonseca, Vilas Boas, Eduardo Valério de Barros, Boari, Cleube Andrade, Píccoli, Roberta Hilsdorf","Ciência e Agrotecnologia; 28(3); 696-702","Ciência e Agrotecnologia","Português","2004","http://www.scielo.br/scielo.php?script=sci_arttext&pid=S1413-70542004000300029&lang=pt" 
"S1413-70542004000300016-scl","Uso de lagoa aerada facultativa como polimento do reator anaeróbio de manta de lodo UASB no tratamento de dejetos de suínos em escala laboratorial","Carmo, Fernanda Ribeiro do, Campos, Cláudio Milton Montenegro, Botelho, Cláudio Gouvêa, Costa, Claudionor Camilo da","Ciência e Agrotecnologia; 28(3); 600-607","Ciência e Agrotecnologia","Português","2004","http://www.scielo.br/scielo.php?script=sci_arttext&pid=S1413-70542004000300016&lang=pt" 
"S1413-70542004000300015-scl","Substituição do substrato comercial por casca de arroz carbonizada para produção de mudas de cafeeiro em tubetes na presença de polímero hidrorretentor","Vallone, Haroldo Silva, Guimarães, Rubens José, Souza, Carlos Alberto Spaggiari, Carvalho, Jacinto de Assunção, Ferreira, Rodrigo de Sousa, Oliveira, Sirlei de","Ciência e Agrotecnologia; 28(3); 593-599","Ciência e Agrotecnologia","Português","2004","http://www.scielo.br/scielo.php?script=sci_arttext&pid=S1413-70542004000300015&lang=pt" 
"S1413-70542004000300028-scl","Potencial alelopático de plantas de cobertura no controle de picão-preto (Bidens pilosa L.)","Teixeira, Cícero Monti, Araújo, João Batista Silva, Carvalho, Gabriel José de","Ciência e Agrotecnologia; 28(3); 691-695","Ciência e Agrotecnologia","Português","2004","http://www.scielo.br/scielo.php?script=sci_arttext&pid=S1413-70542004000300028&lang=pt" 
"S1413-70542004000300030-scl","Tamanhos e posições de explantes e volumes de meio de cultivo na multiplicação de ipeca (Psychotria ipecacuanha (Brot.) Stokes) in vitro","Reis, Érika Soares, Pinto, José Eduardo Brasil Pereira, Corrêa, Ricardo Monteiro, Bertolucci, Suzan Kelly Vilela, Lameira, Osmar Alves","Ciência e Agrotecnologia; 28(3); 703-709","Ciência e Agrotecnologia","Português","2004","http://www.scielo.br/scielo.php?script=sci_arttext&pid=S1413-70542004000300030&lang=pt" 
"S1413-70542004000300019-scl","Avaliação nutricional de alguns alimentos para eqüinos por meio de ensaios metabólicos","Moretini, Cristiano Alves, Lima, José Augusto de Freitas, Fialho, Elias Tadeu, Mercer, Juliane Rezende, Brandi, Roberta Ariboni","Ciência e Agrotecnologia; 28(3); 621-626","Ciência e Agrotecnologia","Português","2004","http://www.scielo.br/scielo.php?script=sci_arttext&pid=S1413-70542004000300019&lang=pt" 
"S1413-70542004000300026-scl","Viabilidade econômica do cultivo de carpa comum (cyprinus carpio linnaeus, 1758) em monocultivo em densidades diferentes","Graeff, Álvaro","Ciência e Agrotecnologia; 28(3); 678-684","Ciência e Agrotecnologia","Português","2004","http://www.scielo.br/scielo.php?script=sci_arttext&pid=S1413-70542004000300026&lang=pt" 
"S1413-70542004000300001-scl","Aplicação de 1-metilciclopropeno em banana &#039;Prata-Anã&#039; e seu efeito sobre a substâncias pécticas e enzimas pectinolíticas","Sales, Alenir Naves de, Botrel, Neide, Coelho, Ana Helena Romaniello","Ciência e Agrotecnologia; 28(3); 479-487","Ciência e Agrotecnologia","Português","2004","http://www.scielo.br/scielo.php?script=sci_arttext&pid=S1413-70542004000300001&lang=pt" 
"S1413-70542004000300002-scl","Determinação de propriedades térmicas de grãos de milho","Andrade, Ednilton Tavares de, Couto, Sandra Maria, Queiroz, Daniel Marçal de, Peixoto, Abraão Brito","Ciência e Agrotecnologia; 28(3); 488-498","Ciência e Agrotecnologia","Português","2004","http://www.scielo.br/scielo.php?script=sci_arttext&pid=S1413-70542004000300002&lang=pt" 
"S1413-70542004000300006-scl","Influência da temperatura no desenvolvimento de Rhopalosiphum maidis (Fitch, 1856) (Hemiptera: Aphididae) em condições de laboratório","Maia, Wilson J. Mello e Silva, Carvalho, César Freire, Cruz, Ivan, Souza, Brígida, Maia, Terezinha J. A. Ferreira","Ciência e Agrotecnologia; 28(3); 521-529","Ciência e Agrotecnologia","Português","2004","http://www.scielo.br/scielo.php?script=sci_arttext&pid=S1413-70542004000300006&lang=pt" 
"S1413-70542004000300010-scl","Produção dos taros &#039;Chinês&#039; e &#039;Macaquinho&#039; em função de diferentes doses de uréia","Zárate, Néstor A. Heredia, Vieira, Maria do Carmo, Bratti, Rafael","Ciência e Agrotecnologia; 28(3); 552-560","Ciência e Agrotecnologia","Português","2004","http://www.scielo.br/scielo.php?script=sci_arttext&pid=S1413-70542004000300010&lang=pt" 
"S1413-70542004000300011-scl","Produtividade da cultura da melancia em função de fontes e doses de potássio","Cecílio Filho, Arthur Bernardes, Grangeiro, Leilson Costa","Ciência e Agrotecnologia; 28(3); 561-569","Ciência e Agrotecnologia","Português","2004","http://www.scielo.br/scielo.php?script=sci_arttext&pid=S1413-70542004000300011&lang=pt" 
"S1413-70542004000300012-scl","Qualidade de frutos de melancia sem sementes em função de fontes e doses de potássio","Cecílio Filho, Arthur Bernardes, Grangeiro, Leilson Costa","Ciência e Agrotecnologia; 28(3); 570-576","Ciência e Agrotecnologia","Português","2004","http://www.scielo.br/scielo.php?script=sci_arttext&pid=S1413-70542004000300012&lang=pt" 
"S1413-70542004000300027-scl","Avaliação de óleos essenciais de condimentos sobre o desenvolvimento micelial de fungos associados a produtos de panificação","Souza, Sára Maria Chalfoun de, Pereira, Marcelo Cláudio, Angélico, Caroline Lima, Pimenta, Carlos José","Ciência e Agrotecnologia; 28(3); 685-690","Ciência e Agrotecnologia","Português","2004","http://www.scielo.br/scielo.php?script=sci_arttext&pid=S1413-70542004000300027&lang=pt" 
"S1413-70542004000300017-scl","Avaliação das alterações bromatológicas e de degradabilidade do resíduo de lixadeira do algodão após tratamento biológico com Pleurotus sajor-caju","Castro, Ana Luisa Aguiar de, Paiva, Paulo César de Aguiar, Dias, Eustáquio Souza, Santos, Juliana dos","Ciência e Agrotecnologia; 28(3); 608-613","Ciência e Agrotecnologia","Português","2004","http://www.scielo.br/scielo.php?script=sci_arttext&pid=S1413-70542004000300017&lang=pt" 
"S1413-70542004000300018-scl","Avaliação de parâmetros fisiológicos de ovinos Dorper, Santa Inês e seus mestiços perante condições climáticas do trópico semi-árido nordestino","Cezar, Marcilio Fontes, Souza, Bonifácio Benício de, Souza, Wandrick Hauss de, Pimenta Filho, Edgard Cavalcanti, Tavares, Gustavo de Paula, Medeiros, Gildenor Xavier","Ciência e Agrotecnologia; 28(3); 614-620","Ciência e Agrotecnologia","Português","2004","http://www.scielo.br/scielo.php?script=sci_arttext&pid=S1413-70542004000300018&lang=pt" 
"S1413-70542004000300020-scl","Cinética da digestão ruminal da casca de café (Coffea arabica, L.) em vacas da raça holandesa","Ribeiro Filho, Edésio, Paiva, Paulo César de Aguiar, Oliveira, Euclides Reuter de, Barcelos, Adauto Ferreira, Castro, Ana Luisa Aguiar de, Santos, Juliana","Ciência e Agrotecnologia; 28(3); 627-636","Ciência e Agrotecnologia","Português","2004","http://www.scielo.br/scielo.php?script=sci_arttext&pid=S1413-70542004000300020&lang=pt" 
"S1413-70542004000300021-scl","Condição corporal e características de carcaça de vacas de descarte na região de Lavras-MG","Lima, Ivalda de Albuquerque, Rezende, Carlos Alberto Pereira de, Paiva, Paulo César de Aguiar, Andrade, Ivo Francisco de, Muniz, Joel Augusto","Ciência e Agrotecnologia; 28(3); 637-646","Ciência e Agrotecnologia","Português","2004","http://www.scielo.br/scielo.php?script=sci_arttext&pid=S1413-70542004000300021&lang=pt" 
"S1413-70542004000300022-scl","Curvas de crescimento e influência de fatores não-genéticos sobre as taxas de crescimento de bovinos da raça Nelore","Silva, Natascha Almeida Marques da, Aquino, Luiz Henrique de, Silva, Fabyano Fonseca e, Oliveira, Antonio Ilson Gomes de","Ciência e Agrotecnologia; 28(3); 647-654","Ciência e Agrotecnologia","Português","2004","http://www.scielo.br/scielo.php?script=sci_arttext&pid=S1413-70542004000300022&lang=pt" 
"S1413-70542004000300023-scl","Degradação de pastagens em regiões de cerrado","Peron, Antônio José, Evangelista, Antônio Ricardo","Ciência e Agrotecnologia; 28(3); 655-661","Ciência e Agrotecnologia","Português","2004","http://www.scielo.br/scielo.php?script=sci_arttext&pid=S1413-70542004000300023&lang=pt" 
"S1413-70542004000300024-scl","Efeito de diferentes dosagens de vitamina A injetável na produção e qualidade de embriões bovinos da raça Nelore","Amaral, Bruno Cesar do, Souza, José Camisão de, Bertechini, Antônio Gilberto, Viveiros, Ana Tereza de Mendonça, Teixeira, Júlio César, Arantes, Alexandre Francisco Amaral","Ciência e Agrotecnologia; 28(3); 662-667","Ciência e Agrotecnologia","Português","2004","http://www.scielo.br/scielo.php?script=sci_arttext&pid=S1413-70542004000300024&lang=pt" 
"S1413-70542004000300004-scl","Efeitos de tempos e temperaturas de condicionamento sobre a qualidade fisiológica de sementes de cafeeiro (Coffea arabica, L.) sob condições ideais e de estresse térmico","Lima, Sílvia Mara Pacheco, Guimarães, Renato Mendes, Oliveira, João Almir, Vieira, Maria das Graças Guimarães Carvalho","Ciência e Agrotecnologia; 28(3); 506-514","Ciência e Agrotecnologia","Português","2004","http://www.scielo.br/scielo.php?script=sci_arttext&pid=S1413-70542004000300004&lang=pt" 
"S1413-70542004000300013-scl","Rendimento e composição das aguardentes de cana, laranja e uva com utilização de lecitina no processo fermentativo","Cleto, Francisco Vicente Gaiotto, Mutton, Márcia Justino Rossini","Ciência e Agrotecnologia; 28(3); 577-584","Ciência e Agrotecnologia","Português","2004","http://www.scielo.br/scielo.php?script=sci_arttext&pid=S1413-70542004000300013&lang=pt" 
"S1413-70542004000300025-scl","Energia metabolizável de alguns alimentos energéticos para frangos de corte, determinada por ensaios metabólicos e por equações de predição","Nagata, Adriano Kaneo, Rodrigues, Paulo Borges, Freitas, Rilke Tadeu Fonseca de, Bertechini, Antônio Gilberto, Fialho, Elias Tadeu","Ciência e Agrotecnologia; 28(3); 669-677","Ciência e Agrotecnologia","Português","2004","http://www.scielo.br/scielo.php?script=sci_arttext&pid=S1413-70542004000300025&lang=pt" 
"S1413-70542004000300014-scl","Resistência de genótipos de sorgo ao pulgão Rhopalosiphum maidis (Fitch, 1856) (Hemiptera: Aphididae): III. Efeito no desenvolvimento da planta","Fonseca, Alysson Rodrigo, Cruz, Ivan, Carvalho, César Freire, Souza, Brígida","Ciência e Agrotecnologia; 28(3); 585-592","Ciência e Agrotecnologia","Português","2004","http://www.scielo.br/scielo.php?script=sci_arttext&pid=S1413-70542004000300014&lang=pt" 
"S1413-70542004000300007-scl","Influência de substratos na formação de porta-enxerto de gravioleira (Annona muricata L.)","Negreiros, Jacson Rondinelli da Silva, Braga, Luciano Ribeiro, Álvares, Virgínia de Souza, Bruckner, Cláudio Horst","Ciência e Agrotecnologia; 28(3); 530-536","Ciência e Agrotecnologia","Português","2004","http://www.scielo.br/scielo.php?script=sci_arttext&pid=S1413-70542004000300007&lang=pt" 
"S0034-71672004000300024-scl","Hilda Anna Krisch: pioneira na enfermagem catarinense - formação e contribuição","Borenstein, Miriam Süsskind, Padilha, Maria Itayra Coelho de Souza, Caetano, Tatiana Lúcia, Mancia, Joel Rolim","Revista Brasileira de Enfermagem; 57(3); 366-370","Revista Brasileira de Enfermagem","Português","2004","http://www.scielo.br/scielo.php?script=sci_arttext&pid=S0034-71672004000300024&lang=pt" 
"S1690-31102004000200012-ven","Discurso de José Luis Cevallos G. Como presidente honorario del IX congreso venezolano de la sociedad venezolana de endocrinología y metabolismo","","Revista Venezolana de Endocrinología y Metabolismo; 2(2); 33-33","Revista Venezolana de Endocrinología y Metabolismo","Espanhol","2004","http://www.scielo.org.ve/scielo.php?script=sci_arttext&pid=S1690-31102004000200012&lang=pt" 
"S1690-31102004000200011-ven","Taller experiencia nacional de diabetes: Nefropatía diabética","Carlini B, Raul","Revista Venezolana de Endocrinología y Metabolismo; 2(2); 32-32","Revista Venezolana de Endocrinología y Metabolismo","Espanhol","2004","http://www.scielo.org.ve/scielo.php?script=sci_arttext&pid=S1690-31102004000200011&lang=pt" 
"S1690-31102004000200010-ven","Insulina inflamatoria: Sustrato del síndrome metabólico","Contreras Z, Miguel A","Revista Venezolana de Endocrinología y Metabolismo; 2(2); 31-31","Revista Venezolana de Endocrinología y Metabolismo","Espanhol","2004","http://www.scielo.org.ve/scielo.php?script=sci_arttext&pid=S1690-31102004000200010&lang=pt" 
"S1690-31102004000200004-ven","Tiroiditis aguda producida por Haemophilus influenza en un lactante menor","Sánchez, Mariela, Paoli, Mariela, Monsalve, Yajaira, Rojas, Raúl, Marín, Carlos","Revista Venezolana de Endocrinología y Metabolismo; 2(2); 14-17","Revista Venezolana de Endocrinología y Metabolismo","Espanhol","2004","http://www.scielo.org.ve/scielo.php?script=sci_arttext&pid=S1690-31102004000200004&lang=pt" 
"S1690-31102004000200005-ven","A la luz de los nuevos avances en el tratamiento de la osteoporosis: revisión de la última data","Uzcátegui de Saughi, Lilia R","Revista Venezolana de Endocrinología y Metabolismo; 2(2); 18-21","Revista Venezolana de Endocrinología y Metabolismo","Espanhol","2004","http://www.scielo.org.ve/scielo.php?script=sci_arttext&pid=S1690-31102004000200005&lang=pt" 
"S1690-31102004000200006-ven","Desórdenes por deficiencia de yodo (DDY) en Venezuela","Torres Suárez, José Esteban","Revista Venezolana de Endocrinología y Metabolismo; 2(2); 22-25","Revista Venezolana de Endocrinología y Metabolismo","Espanhol","2004","http://www.scielo.org.ve/scielo.php?script=sci_arttext&pid=S1690-31102004000200006&lang=pt" 
"S1690-31102004000200007-ven","Osteoporosis en niños y adolescentes","García de Blanco, Matilde","Revista Venezolana de Endocrinología y Metabolismo; 2(2); 22-27","Revista Venezolana de Endocrinología y Metabolismo","Espanhol","2004","http://www.scielo.org.ve/scielo.php?script=sci_arttext&pid=S1690-31102004000200007&lang=pt" 
"S1690-31102004000200001-ven","","Osuna C, Jesús Alfonso","Revista Venezolana de Endocrinología y Metabolismo; 2(2); 1-1","Revista Venezolana de Endocrinología y Metabolismo","Espanhol","2004","http://www.scielo.org.ve/scielo.php?script=sci_arttext&pid=S1690-31102004000200001&lang=pt" 
"S1690-31102004000200002-ven","Actualización diagnóstico-terapéutica del Raquitismo","Zerpa de Miliani, Yajaira, Paoli-Valeri, Mariela","Revista Venezolana de Endocrinología y Metabolismo; 2(2); 2-9","Revista Venezolana de Endocrinología y Metabolismo","Espanhol","2004","http://www.scielo.org.ve/scielo.php?script=sci_arttext&pid=S1690-31102004000200002&lang=pt" 
"S1690-31102004000200003-ven","Tormenta tiroidea asociada a cetoacidosis diabética","Maneiro Nieto, Maríalexandra, Sánchez Chacón, Nacary, Orozco, Luis Jaimes, Moreno, Ana Rosa","Revista Venezolana de Endocrinología y Metabolismo; 2(2); 10-13","Revista Venezolana de Endocrinología y Metabolismo","Espanhol","2004","http://www.scielo.org.ve/scielo.php?script=sci_arttext&pid=S1690-31102004000200003&lang=pt" 
"S1690-31102004000200008-ven","Síndrome de ovarios poliquísticos en niñas y adolescentes","Maulino Cardona, Nora","Revista Venezolana de Endocrinología y Metabolismo; 2(2); 28-29","Revista Venezolana de Endocrinología y Metabolismo","Espanhol","2004","http://www.scielo.org.ve/scielo.php?script=sci_arttext&pid=S1690-31102004000200008&lang=pt" 
"S1690-31102004000200009-ven","El rol de la medicina nuclear en el diagnóstico y terapia de tumores neuroendocrinos: Radiofármacos y cirugía radioguiada","Manzo, Aisa","Revista Venezolana de Endocrinología y Metabolismo; 2(2); 30-30","Revista Venezolana de Endocrinología y Metabolismo","Espanhol","2004","http://www.scielo.org.ve/scielo.php?script=sci_arttext&pid=S1690-31102004000200009&lang=pt" 
"S0004-48222004000200004-arg","Génesis de suelos en el valle del río de las Vueltas, provincia Santa Cruz, Patagonia","Villegas, Daniela C., Pereyra, Fernando X., Irisarri, Jorge. A., Ferrer, José A., Viaggio, Adriana","Revista de la Asociación Geológica Argentina; 59(2); 200-212","Revista de la Asociación Geológica Argentina","Espanhol","2004","http://www.scielo.org.ar/scielo.php?script=sci_arttext&pid=S0004-48222004000200004&lang=pt" 
"S0004-48222004000200005-arg","Interferencia de pliegues en el valle del río Juramento - Cordillera Oriental (provincia de Salta)","Ricardo, Mon, Monaldi, César Rubén, Salfity, José Antonio","Revista de la Asociación Geológica Argentina; 59(2); 213-219","Revista de la Asociación Geológica Argentina","Espanhol","2004","http://www.scielo.org.ar/scielo.php?script=sci_arttext&pid=S0004-48222004000200005&lang=pt" 
"S0004-48222004000200006-arg","Morphodynamics of a gravel-dominated macrotidal estuary: Rio Grande, Tierra del Fuego","Isla, Federico I., Bujalesky, Gustavo G.","Revista de la Asociación Geológica Argentina; 59(2); 220-228","Revista de la Asociación Geológica Argentina","Inglês","2004","http://www.scielo.org.ar/scielo.php?script=sci_arttext&pid=S0004-48222004000200006&lang=pt" 
"S0004-48222004000200007-arg","Génesis de suelos y evolución del paisaje en el delta del río Paraná","Pereyra, Fernando X., Baumann, Valerie, Altinier, Victoria, Ferrer, José, Tchilinguirian, Pablo","Revista de la Asociación Geológica Argentina; 59(2); 229-242","Revista de la Asociación Geológica Argentina","Espanhol","2004","http://www.scielo.org.ar/scielo.php?script=sci_arttext&pid=S0004-48222004000200007&lang=pt" 
"S0004-48222004000200008-arg","El Paleozoico inferior y medio de la región de Los Colorados, borde occidental de la Cordillera Oriental (provincia de Jujuy)","Astini, Ricardo A., Waisfeld, Beatriz G., Toro, Blanca A., Benedetto, Juan L.","Revista de la Asociación Geológica Argentina; 59(2); 243-260","Revista de la Asociación Geológica Argentina","Espanhol","2004","http://www.scielo.org.ar/scielo.php?script=sci_arttext&pid=S0004-48222004000200008&lang=pt" 
"S0004-48222004000200009-arg","Generación de nuevos ecosistemas litorales por albardones de relleno en la costa de la ciudad de Buenos Aires","Marcomini, Silvia C., López, Rubén A.","Revista de la Asociación Geológica Argentina; 59(2); 261-272","Revista de la Asociación Geológica Argentina","Espanhol","2004","http://www.scielo.org.ar/scielo.php?script=sci_arttext&pid=S0004-48222004000200009&lang=pt" 
"S0004-48222004000200010-arg","Integración de estratigrafía secuencial, sedimentología e icnología para un análisis cronoestratigráfico del Paleozoico inferior del noroeste argentino","Mángano, M. Gabriela, Buatois, Luis A.","Revista de la Asociación Geológica Argentina; 59(2); 273-280","Revista de la Asociación Geológica Argentina","Espanhol","2004","http://www.scielo.org.ar/scielo.php?script=sci_arttext&pid=S0004-48222004000200010&lang=pt" 
"S0004-48222004000200011-arg","Evaluación de la recarga natural al acuífero de la cuenca superior del arroyo Napostá Grande, provincia de Buenos Aires","Carrica, Jorge C., Lexow, Claudio","Revista de la Asociación Geológica Argentina; 59(2); 281-290","Revista de la Asociación Geológica Argentina","Espanhol","2004","http://www.scielo.org.ar/scielo.php?script=sci_arttext&pid=S0004-48222004000200011&lang=pt" 
"S0004-48222004000200012-arg","Gases fumarólicos de la isla Decepción (Shetland del Sur, Antártida): Variaciones químicas y depósitos vinculados a la crisis sísmica de 1999","Caselli, Alberto T., dos Santos Afonso, María, Agusto, Mariano R.","Revista de la Asociación Geológica Argentina; 59(2); 291-302","Revista de la Asociación Geológica Argentina","Espanhol","2004","http://www.scielo.org.ar/scielo.php?script=sci_arttext&pid=S0004-48222004000200012&lang=pt" 
"S0004-48222004000200013-arg","Megageomorfología del valle de Tafí-Aconquija, Tucumán","Gutiérrez, Adolfo A., Mon, Ricardo","Revista de la Asociación Geológica Argentina; 59(2); 303-311","Revista de la Asociación Geológica Argentina","Espanhol","2004","http://www.scielo.org.ar/scielo.php?script=sci_arttext&pid=S0004-48222004000200013&lang=pt" 
"S0004-48222004000200014-arg","El lago cuaternario de Angastaco, Valle Calchaquí, Salta","Salfity, J. A., Gallardo, E.F., Sastre, J.E., Esteban, J.","Revista de la Asociación Geológica Argentina; 59(2); 313-316","Revista de la Asociación Geológica Argentina","Espanhol","2004","http://www.scielo.org.ar/scielo.php?script=sci_arttext&pid=S0004-48222004000200014&lang=pt" 
"S0004-48222004000200015-arg","Mineralogía de arenas y limos en suelos, sedimentos fluviales y eólicos actuales del sector austral de la cuenca Chacoparanense: Regionalización y áreas de aporte","Etchichury, M. C., Tofalo, O. R.","Revista de la Asociación Geológica Argentina; 59(2); 317-329","Revista de la Asociación Geológica Argentina","Espanhol","2004","http://www.scielo.org.ar/scielo.php?script=sci_arttext&pid=S0004-48222004000200015&lang=pt" 
"S0004-48222004000200016-arg","Secciones estructurales de Las Sierras Australes de la provincia de Buenos Aires: Repetición de la secuencia estratigráfica a partir de fallas inversas?","Tomezzoli, Renata N., Cristallini, Ernesto O.","Revista de la Asociación Geológica Argentina; 59(2); 330-340","Revista de la Asociación Geológica Argentina","Espanhol","2004","http://www.scielo.org.ar/scielo.php?script=sci_arttext&pid=S0004-48222004000200016&lang=pt" 
"S0004-48222004000200017-arg","Estratigrafía de la Formación La Yesera (Cretácico): Base del relleno sinrift del Grupo Salta, noroeste argentino","Sabino, Ignacio F.","Revista de la Asociación Geológica Argentina; 59(2); 330-340","Revista de la Asociación Geológica Argentina","Espanhol","2004","http://www.scielo.org.ar/scielo.php?script=sci_arttext&pid=S0004-48222004000200017&lang=pt" 
"S0004-48222004000200018-arg","Laguna Dulce: Nuevo afloramiento del Complejo Río Deseado, Macizo del Deseado, provincia de Santa Cruz","Guido, Diego M., de Barrrio, Raúl E.","Revista de la Asociación Geológica Argentina; 59(2); 360-363","Revista de la Asociación Geológica Argentina","Espanhol","2004","http://www.scielo.org.ar/scielo.php?script=sci_arttext&pid=S0004-48222004000200018&lang=pt" 
"S0482-50042004000300014-scl","Edema agudo hemorrágico da infância","Goulart, Fabiana Britto, Lage, Kelma de Sá Torres, Quintero, Maria Vitória, Pádua, Paulo Madureira de","Revista Brasileira de Reumatologia; 44(3); 251-254","Revista Brasileira de Reumatologia","Português","2004","http://www.scielo.br/scielo.php?script=sci_arttext&pid=S0482-50042004000300014&lang=pt" 
"S0482-50042004000300013-scl","Óbito decorrente da Síndrome de Hipersensibilidade ao Alopurinol (SHA)","Rachid, Acir, Magalhães, Francisco Luiz Gomide Mafra, Tafarel, Jean Rodrigo, Schmitz, Rodrigo","Revista Brasileira de Reumatologia; 44(3); 248-250","Revista Brasileira de Reumatologia","Português","2004","http://www.scielo.br/scielo.php?script=sci_arttext&pid=S0482-50042004000300013&lang=pt" 
"S0482-50042004000300004-scl","Análise de sobrevida global e fatores de risco para óbito em 509 pacientes com Lúpus Eritematoso Sistêmico (LES)","Appenzeller, Simone, Costallat, Lilian Tereza Lavras","Revista Brasileira de Reumatologia; 44(3); 198-205","Revista Brasileira de Reumatologia","Português","2004","http://www.scielo.br/scielo.php?script=sci_arttext&pid=S0482-50042004000300004&lang=pt" 
"S0482-50042004000300002-scl","Análise pré e pós-operatória da capacidade funcional e qualidade de vida de pacientes portadores de Osteoartrose de quadril submetidos à Artroplastia Total","Patrizzi, Lislei Jorge, Vilaça, Karla Helena Coelho, Takata, Edmilson Takehiro, Trigueiro, Gustavo","Revista Brasileira de Reumatologia; 44(3); 185-191","Revista Brasileira de Reumatologia","Português","2004","http://www.scielo.br/scielo.php?script=sci_arttext&pid=S0482-50042004000300002&lang=pt" 
"S0482-50042004000300001-scl","Um retrato da residência médica em Reumatologia no Brasil","Pinheiro, Geraldo da Rocha Castelar","Revista Brasileira de Reumatologia; 44(3); ix-x","Revista Brasileira de Reumatologia","Português","2004","http://www.scielo.br/scielo.php?script=sci_arttext&pid=S0482-50042004000300001&lang=pt" 
"S0482-50042004000300003-scl","Estudo retrospectivo das manifestações mlínicas e laboratoriais de 104 pacientes com Lúpus Eritematoso Sistêmico (LES), em Belém, PA, Brasil (1990-1999)","Sauma, Maria de Fátima Lobato da Cunha, Nunes, Nicole Acácia Cabral, Lopes, Luciana Flávia de Macedo","Revista Brasileira de Reumatologia; 44(3); 192-197","Revista Brasileira de Reumatologia","Português","2004","http://www.scielo.br/scielo.php?script=sci_arttext&pid=S0482-50042004000300003&lang=pt" 
"S0482-50042004000300008-scl","Dosagem laboratorial de enzimas musculares e diagnóstico equivocado de Polimiosite Juvenil: problemas na avaliação clínica e na fase pré-analítica","Picarelli, Maria Mercedes, Kaiser, Glória R.R.F., von Mühlen, Carlos Alberto","Revista Brasileira de Reumatologia; 44(3); 224-226","Revista Brasileira de Reumatologia","Português","2004","http://www.scielo.br/scielo.php?script=sci_arttext&pid=S0482-50042004000300008&lang=pt" 
"S0482-50042004000300012-scl","Lúpus neonatal e Lúpus Eritematoso Cutâneo Subagudo na infância","Freire, Marlene, Teodoro, Reginaldo Botelho, Silva, José Humberto da, Fernandez, Alfredo Leboreiro, Oliveira, Lília Beatriz, Bianco, José Antônio de Paula","Revista Brasileira de Reumatologia; 44(3); 242-247","Revista Brasileira de Reumatologia","Português","2004","http://www.scielo.br/scielo.php?script=sci_arttext&pid=S0482-50042004000300012&lang=pt" 
"S0482-50042004000300010-scl","Doenças reumáticas em Pediatria","Brandão, Nadyesda Diehl, Pereira, Ivânio Alves","Revista Brasileira de Reumatologia; 44(3); 235-240","Revista Brasileira de Reumatologia","Português","2004","http://www.scielo.br/scielo.php?script=sci_arttext&pid=S0482-50042004000300010&lang=pt" 
"S0482-50042004000300006-scl","Antimaláricos e Ototoxicidade","Figueiredo, Marcelo Cardoso, Atherino, Ciríaco Cristóvão C. T., Monteiro, Clarice Viana, Levy, Roger Abramino","Revista Brasileira de Reumatologia; 44(3); 212-214","Revista Brasileira de Reumatologia","Português","2004","http://www.scielo.br/scielo.php?script=sci_arttext&pid=S0482-50042004000300006&lang=pt" 
"S0482-50042004000300011-scl","","","Revista Brasileira de Reumatologia; 44(3); 241-241","Revista Brasileira de Reumatologia","Português","2004","http://www.scielo.br/scielo.php?script=sci_arttext&pid=S0482-50042004000300011&lang=pt" 
"S0482-50042004000300009-scl","Diagnóstico por imagem nas Espondilodiscites infecciosas","Lessa, Laura Andréia Duarte, Aihara, André Yui, Natour, Jamil, Fernandes, Artur da Rocha Corrêa","Revista Brasileira de Reumatologia; 44(3); 230-234","Revista Brasileira de Reumatologia","Português","2004","http://www.scielo.br/scielo.php?script=sci_arttext&pid=S0482-50042004000300009&lang=pt" 
"S0482-50042004000300005-scl","Estudo da associação entre o Índice de Massa Corpórea (IMC) e Osteoartrite (OA) de mãos","Coimbra, Fernanda Ximenes, Samara, Adil Muhib, Coimbra, Ibsen Bellini","Revista Brasileira de Reumatologia; 44(3); 206-211","Revista Brasileira de Reumatologia","Português","2004","http://www.scielo.br/scielo.php?script=sci_arttext&pid=S0482-50042004000300005&lang=pt" 
"S0482-50042004000300007-scl","Auto-anticorpos na Esclerose Sistêmica (ES)","Andrade, Luís Eduardo Coelho, Leser, Paulo Guilherme","Revista Brasileira de Reumatologia; 44(3); 215-223","Revista Brasileira de Reumatologia","Português","2004","http://www.scielo.br/scielo.php?script=sci_arttext&pid=S0482-50042004000300007&lang=pt" 
"S1690-31102004000100001-ven","Obesidad en niños y adolescentes","Osuna C, Jesús Alfonso","Revista Venezolana de Endocrinología y Metabolismo; 2(1); 001-001","Revista Venezolana de Endocrinología y Metabolismo","Espanhol","2004","http://www.scielo.org.ve/scielo.php?script=sci_arttext&pid=S1690-31102004000100001&lang=pt" 
"S1690-31102004000100003-ven","Nuevos enfoques en el tratamiento farmacológico de la Osteoporosis","Uzcátegui de Saughi, Lilia R","Revista Venezolana de Endocrinología y Metabolismo; 2(1); 005-010","Revista Venezolana de Endocrinología y Metabolismo","Espanhol","2004","http://www.scielo.org.ve/scielo.php?script=sci_arttext&pid=S1690-31102004000100003&lang=pt" 
"S1690-31102004000100002-ven","Nuevas direcciones en la patogénesis y tratamiento de la Nefropatía diabética","Orence Leonett, Onelia","Revista Venezolana de Endocrinología y Metabolismo; 2(1); 002-004","Revista Venezolana de Endocrinología y Metabolismo","Espanhol","2004","http://www.scielo.org.ve/scielo.php?script=sci_arttext&pid=S1690-31102004000100002&lang=pt" 
"S1690-31102004000100005-ven","CRIPTORQUIDIA: Importancia del diagnóstico y tratamiento precoz","Gómez-Pérez, Roald E","Revista Venezolana de Endocrinología y Metabolismo; 2(1); 014-018","Revista Venezolana de Endocrinología y Metabolismo","Espanhol","2004","http://www.scielo.org.ve/scielo.php?script=sci_arttext&pid=S1690-31102004000100005&lang=pt" 
"S1690-31102004000100004-ven","Deficiencia de andrógenos en la mujer","Osuna C, Jesús Alfonso","Revista Venezolana de Endocrinología y Metabolismo; 2(1); 011-013","Revista Venezolana de Endocrinología y Metabolismo","Espanhol","2004","http://www.scielo.org.ve/scielo.php?script=sci_arttext&pid=S1690-31102004000100004&lang=pt" 
"S1690-31102004000100007-ven","Efectos del hábito de fumar sobre la concentración de Norepinefrina, la presión arterial y el pulso en hombres jóvenes","Villarroel, Vanessa, Molina V, Carmen Zoraida, Dávila Spinetti, Diego, Arata-Bellabarba, Gabriela","Revista Venezolana de Endocrinología y Metabolismo; 2(1); 024-031","Revista Venezolana de Endocrinología y Metabolismo","Espanhol","2004","http://www.scielo.org.ve/scielo.php?script=sci_arttext&pid=S1690-31102004000100007&lang=pt" 
"S1690-31102004000100006-ven","Diabetes tipo 2 en niños y adolescentes. experiencia de la unidad de diabetes del Hospital de Niños J. M. de los Ríos","Villalobos, Joalice, Hernández, Wilfredo, Maulino, Nora, Gáffaro de Valera, Loida, García de Blanco, Matilde, Merino, Gisela, Pérez, Marvelys, Bracho, Gaby, Bolívar, Marisol","Revista Venezolana de Endocrinología y Metabolismo; 2(1); 018-023","Revista Venezolana de Endocrinología y Metabolismo","Espanhol","2004","http://www.scielo.org.ve/scielo.php?script=sci_arttext&pid=S1690-31102004000100006&lang=pt" 
"S1414-98932004000200002-scl","Algumas considerações sobre o parecer psicológico na justiça da infância e da juventude","Coimbra, José César","Psicologia: Ciência e Profissão; 24(2); 2-13","Psicologia: Ciência e Profissão","Português","2004","http://www.scielo.br/scielo.php?script=sci_arttext&pid=S1414-98932004000200002&lang=pt" 
"S1414-98932004000200009-scl","Gerenciamento de impressão e entrevista de seleção: camaleões em cena","Grisci, Carmem Ligia Iochins, Carvalho, Maria Luisa","Psicologia: Ciência e Profissão; 24(2); 72-85","Psicologia: Ciência e Profissão","Português","2004","http://www.scielo.br/scielo.php?script=sci_arttext&pid=S1414-98932004000200009&lang=pt" 
"S1414-98932004000200001-scl","","","Psicologia: Ciência e Profissão; 24(2); 1-1","Psicologia: Ciência e Profissão","Português","2004","http://www.scielo.br/scielo.php?script=sci_arttext&pid=S1414-98932004000200001&lang=pt" 
"S1414-98932004000200014-scl","Eliezer Schneider","","Psicologia: Ciência e Profissão; 24(2); 137-137","Psicologia: Ciência e Profissão","Português","2004","http://www.scielo.br/scielo.php?script=sci_arttext&pid=S1414-98932004000200014&lang=pt" 
"S1138-123X2004000300007-esp","XI Congreso Nacional de la Sociedad Española de Epidemiología y Salud Pública Oral","","RCOE; 9(3); 337-341","RCOE","Espanhol","2004","http://scielo.isciii.es/scielo.php?script=sci_arttext&pid=S1138-123X2004000300007&lang=pt" 
"S1138-123X2004000300002-esp","Desigualdades geográficas en las cargas de trabajo por dentista en España entre 1987 y 1997: Cargas de trabajo por dentista","Bravo-Pérez, Manuel","RCOE; 9(3); 227-284","RCOE","Espanhol","2004","http://scielo.isciii.es/scielo.php?script=sci_arttext&pid=S1138-123X2004000300002&lang=pt" 
"S1138-123X2004000300005-esp","Riesgo de transmisión de enfermedades infecciosas en la clínica dental","Pareja-Pané, Germán","RCOE; 9(3); 313-321","RCOE","Espanhol","2004","http://scielo.isciii.es/scielo.php?script=sci_arttext&pid=S1138-123X2004000300005&lang=pt" 
"S1138-123X2004000300006-esp","Tuberculosis y odontología","Pareja-Pané, Germán","RCOE; 9(3); 327-332","RCOE","Espanhol","2004","http://scielo.isciii.es/scielo.php?script=sci_arttext&pid=S1138-123X2004000300006&lang=pt" 
"S1138-123X2004000300003-esp","El PADI a examen de sus profesionales: La opinión de los dentistas concertados del País Vasco y Navarra","Cortés-Martinicorena, Fco. Javier, Simón-Salazar, Federico","RCOE; 9(3); 289-296","RCOE","Espanhol","2004","http://scielo.isciii.es/scielo.php?script=sci_arttext&pid=S1138-123X2004000300003&lang=pt" 
"S1138-123X2004000300004-esp","Determinación de ácido láctico en el dorso de la lengua: Su relación con la presencia de caries activa","Llena-Puy, Mª Carmen, Almerich-Silla, José Manuel, Forner-Navarro, Leopoldo","RCOE; 9(3); 303-308","RCOE","Espanhol","2004","http://scielo.isciii.es/scielo.php?script=sci_arttext&pid=S1138-123X2004000300004&lang=pt" 
"S1138-123X2004000300001-esp","La demografía profesional en España: cabalgando un tigre","Cuenca Sala, Emili","RCOE; 9(3); 271-271","RCOE","Espanhol","2004","http://scielo.isciii.es/scielo.php?script=sci_arttext&pid=S1138-123X2004000300001&lang=pt" 
"S0303-76572004000100003-scl","Compreendendo o trabalho da costureira: um enfoque para a postura sentada","Ambrosi, Dagmar, Queiroz, Maria de Fátima Ferreira","Revista Brasileira de Saúde Ocupacional; 29(109); 11-19","Revista Brasileira de Saúde Ocupacional","Português","2004","http://www.scielo.br/scielo.php?script=sci_arttext&pid=S0303-76572004000100003&lang=pt" 
"S0303-76572004000100008-scl","Três lições do professor Wisner","Ferreira, Leda Leal","Revista Brasileira de Saúde Ocupacional; 29(109); 55-61","Revista Brasileira de Saúde Ocupacional","Português","2004","http://www.scielo.br/scielo.php?script=sci_arttext&pid=S0303-76572004000100008&lang=pt" 
"S0303-76572004000100001-scl","Editorial","Pavan, Rosiver, Soares, Marcelo Márcio","Revista Brasileira de Saúde Ocupacional; 29(109); -","Revista Brasileira de Saúde Ocupacional","Português","2004","http://www.scielo.br/scielo.php?script=sci_arttext&pid=S0303-76572004000100001&lang=pt" 
"S0303-76572004000100007-scl","Transmissão do saber prático: as dificuldades do processo ensino - aprendizagem em uma cooperativa autogestionária","Fonseca, Giovanni Campos, Lima, Francisco de Paula Antunes, Assunção, Ada Ávila","Revista Brasileira de Saúde Ocupacional; 29(109); 45-53","Revista Brasileira de Saúde Ocupacional","Português","2004","http://www.scielo.br/scielo.php?script=sci_arttext&pid=S0303-76572004000100007&lang=pt" 
"S0303-76572004000100006-scl","O trabalho no cultivo orgânico de frutas: uma abordagem ergonômica","Gemma, Sandra Francisca Bezerra, Abrahão, Roberto Funes, Sznelwar, Laerte Idal","Revista Brasileira de Saúde Ocupacional; 29(109); 37-44","Revista Brasileira de Saúde Ocupacional","Português","2004","http://www.scielo.br/scielo.php?script=sci_arttext&pid=S0303-76572004000100006&lang=pt" 
"S0303-76572004000100005-scl","Dois violinistas e uma orquestra: diversidade operatória e desgaste músculo-esquelético","Petrus, Ângela Márcia Ferreira, Echternacht, Eliza Helena de Oliveira","Revista Brasileira de Saúde Ocupacional; 29(109); 31-36","Revista Brasileira de Saúde Ocupacional","Português","2004","http://www.scielo.br/scielo.php?script=sci_arttext&pid=S0303-76572004000100005&lang=pt" 
"S0303-76572004000100002-scl","Introdução: inteligência no trabalho e análise ergonômica do trabalho - as contribuições de Alain Wisner para o desenvolvimento da Ergonomia no Brasil","Jackson Filho, José Marçal","Revista Brasileira de Saúde Ocupacional; 29(109); 7-10","Revista Brasileira de Saúde Ocupacional","Português","2004","http://www.scielo.br/scielo.php?script=sci_arttext&pid=S0303-76572004000100002&lang=pt" 
"S0303-76572004000100004-scl","As múltiplas tarefas e atividades interferentes em Centrais de Atendimento Telefônico","Santos, Venétia Correia","Revista Brasileira de Saúde Ocupacional; 29(109); 21-29","Revista Brasileira de Saúde Ocupacional","Português","2004","http://www.scielo.br/scielo.php?script=sci_arttext&pid=S0303-76572004000100004&lang=pt" 
"S0121-07932004000200001-col","Análisis de ligamiento genético de la diabetes mellitus tipo 1, a marcadores de los cromosomas 2 y 11 en familias antioqueñas","Uribe, Federico, Pineda, Nicolás, Montolla, Fabiola, Latorre, Guillermo, Montoya, Fabiola, Villegas, Alberto, Cerón, Javier, Pérez, Andrés, Castrillón, Débora, Valencia, Beatríz, Duque, Iván, Duque, Constanza, Bedoya, Gabriel, Ruíz, Andrés","Iatreia; 17(2); 93-104","Iatreia","Espanhol","2004","http://www.scielo.org.co/scielo.php?script=sci_arttext&pid=S0121-07932004000200001&lang=pt" 
"S0121-07932004000200002-col","La clínica de anticoagulación del Hospital Universitario San Vicente de Paúl: demografía, efectividad y complicaciones","OCAMPO KOHN, CATALINA, HERNÁNDEZ ORTIZ, OLGA, VELÁSQUEZ FRANCO, CARLOS JAIME, TOBÓN ACOSTA, IGNACIO, MEJÍA RESTREPO, FERNANDO A.","Iatreia; 17(2); 105-114","Iatreia","Espanhol","2004","http://www.scielo.org.co/scielo.php?script=sci_arttext&pid=S0121-07932004000200002&lang=pt" 
"S0121-07932004000200003-col","Mutaciones de los canales neuronales de sodio y cloro asociadas a epilepsia generalizada con convulsiones febriles plus","ALZATE MONSALVE, DIANA CATALINA, CARRIZOSA MOOG, JAIME, BEDOYA BERRÍO, GABRIEL","Iatreia; 17(2); 115-123","Iatreia","Espanhol","2004","http://www.scielo.org.co/scielo.php?script=sci_arttext&pid=S0121-07932004000200003&lang=pt" 
"S0121-07932004000200004-col","CASO CLÍNICO: Hombre de 75 años con edemas y sangrado digestivo inferior","REINO BUELVAS, ALBERTO, GARCÍA MONTOYA, ANDRÉS, VARELA AGUIRRE, GABRIEL JAIME","Iatreia; 17(2); 124-129","Iatreia","Espanhol","2004","http://www.scielo.org.co/scielo.php?script=sci_arttext&pid=S0121-07932004000200004&lang=pt" 
"S0121-07932004000200005-col","Tendencias mundiales en educación médica","GUTIÉRREZ RODAS, JAVIER ANTONIO, POSADA SALDARRIAGA, RICARDO","Iatreia; 17(2); 130-138","Iatreia","Espanhol","2004","http://www.scielo.org.co/scielo.php?script=sci_arttext&pid=S0121-07932004000200005&lang=pt" 
"S0121-07932004000200006-col","Manuel Uribe Ángel medico visionario &#039;&#039;Hay en él algo de Hugo, bastante de Franklin, mucho de San Vicente de Paúl&#039;&#039; Luis Eduardo Villegas","ÁLVAREZ ECHEVERRI, TIBERIO","Iatreia; 17(2); 139-144","Iatreia","Espanhol","2004","http://www.scielo.org.co/scielo.php?script=sci_arttext&pid=S0121-07932004000200006&lang=pt" 
"S0121-07932004000500010-col","Evaluación de cisticerco de taenia crassiceps como antígeno sustituto para el diagnóstico de la neurocisticercosis","Botero, Luz Elena, Agudelo, Sonia","Iatreia; 17(); 167-168","Iatreia","Espanhol","2004","http://www.scielo.org.co/scielo.php?script=sci_arttext&pid=S0121-07932004000500010&lang=pt" 
"S0121-07932004000500011-col","Estudio del efecto de los esteroles aislados de la planta solanum nudum en la membrana del glóbulo rojo humano","López, Mary Luz, Segura, César, Blair, Silvia","Iatreia; 17(); 168-168","Iatreia","Espanhol","2004","http://www.scielo.org.co/scielo.php?script=sci_arttext&pid=S0121-07932004000500011&lang=pt" 
"S0121-07932004000500018-col","Didelphis marsupialis como un reservorio potencial u hospedero amplificador del virus de la estomatitis vesicular, serotipo new jersey en Antioquia","Trujillo, Carlos, Arboleda, John","Iatreia; 17(); 174-175","Iatreia","Espanhol","2004","http://www.scielo.org.co/scielo.php?script=sci_arttext&pid=S0121-07932004000500018&lang=pt" 
